1605443034.978055, 0
1605443035.006068, 2
1605443035.021390, 0
1605443035.035306, 2
1605443035.049382, 6
1605443035.066018, 3
1605443035.079488, 9
1605443035.092906, 16
1605443035.108571, 17
1605443035.122001, 20
1605443035.136025, 23
1605443035.150266, 27
1605443035.164629, 32
1605443035.178125, 36
1605443035.195153, 41
1605443035.209881, 44
1605443035.223096, 46
1605443035.237073, 50
1605443035.253892, 55
1605443035.275216, 61
1605443035.288376, 63
1605443035.303021, 68
1605443035.316967, 72
1605443035.331087, 77
1605443035.345877, 81
1605443035.359486, 83
1605443035.372993, 89
1605443035.389101, 93
1605443035.402492, 97
1605443035.417227, 101
1605443035.432391, 105
1605443035.446544, 107
1605443035.460466, 113
1605443035.475392, 117
1605443035.488755, 118
1605443035.502480, 123
1605443035.516798, 128
1605443035.530318, 132
1605443035.543834, 134
1605443035.558743, 140
1605443035.572160, 143
1605443035.585852, 146
1605443035.601025, 151
1605443035.614403, 154
1605443035.628285, 158
1605443035.643501, 162
1605443035.657844, 166
1605443035.672529, 170
1605443035.688281, 173
1605443035.703100, 178
1605443035.716135, 183
1605443035.734022, 187
1605443035.750268, 191
1605443035.764682, 196
1605443035.778017, 200
1605443035.791409, 200
1605443035.805195, 199
1605443035.818934, 199
1605443035.833379, 199
1605443035.849023, 200
1605443035.873450, 199
1605443035.887940, 200
1605443035.901916, 200
1605443035.916431, 200
1605443035.929867, 200
1605443035.945271, 200
1605443035.958983, 200
1605443035.971992, 200
1605443035.987903, 200
1605443036.002466, 200
1605443036.016618, 199
1605443036.030885, 200
1605443036.046820, 200
1605443036.061537, 200
1605443036.075394, 200
1605443036.088830, 200
1605443036.104102, 200
1605443036.117675, 199
1605443036.130901, 200
1605443036.155754, 200
1605443036.171788, 199
1605443036.186093, 200
1605443036.199267, 200
1605443036.214883, 199
1605443036.229433, 199
1605443036.242416, 200
1605443036.259590, 200
1605443036.273808, 200
1605443036.287208, 200
1605443036.303059, 199
1605443036.319257, 199
1605443036.333188, 200
1605443036.346785, 200
1605443036.361800, 200
1605443036.376559, 200
1605443036.389746, 200
1605443036.405440, 200
1605443036.419206, 200
1605443036.433210, 200
1605443036.446962, 199
1605443036.464185, 200
1605443036.481855, 200
1605443036.496367, 200
1605443036.510869, 200
1605443036.525195, 199
1605443036.538285, 199
1605443036.553359, 199
1605443036.567657, 200
1605443036.581382, 199
1605443036.596490, 199
1605443036.610389, 200
1605443036.624411, 200
1605443036.639456, 200
1605443036.653143, 200
1605443036.666936, 200
1605443036.682352, 200
1605443036.695780, 199
1605443036.709194, 199
1605443036.723724, 199
1605443036.737991, 200
1605443036.751514, 200
1605443036.770910, 199
1605443036.785227, 200
1605443036.798374, 198
1605443036.814505, 199
1605443036.829418, 199
1605443036.843000, 199
1605443036.857038, 200
1605443036.874430, 200
1605443036.888018, 200
1605443036.902475, 200
1605443036.919341, 200
1605443036.932735, 200
1605443036.947440, 199
1605443036.962911, 199
1605443036.976777, 200
1605443036.990110, 200
1605443037.007118, 200
1605443037.021810, 200
1605443037.035125, 200
1605443037.048580, 200
1605443037.065518, 200
1605443037.081873, 199
1605443037.095508, 200
1605443037.112891, 200
1605443037.126405, 199
1605443037.142721, 200
1605443037.155866, 200
1605443037.170146, 199
1605443037.189715, 199
1605443037.204638, 200
1605443037.221914, 200
1605443037.235187, 200
1605443037.249056, 199
1605443037.266370, 199
1605443037.279630, 200
1605443037.293245, 199
1605443037.309186, 200
1605443037.323275, 199
1605443037.336696, 200
1605443037.352473, 199
1605443037.367062, 200
1605443037.380494, 200
1605443037.393872, 199
1605443037.408378, 200
1605443037.422809, 198
1605443037.436912, 198
1605443037.451630, 199
1605443037.465321, 199
1605443037.478822, 199
1605443037.493700, 198
1605443037.507411, 197
1605443037.522931, 195
1605443037.536193, 194
1605443037.552678, 194
1605443037.567513, 194
1605443037.580906, 194
1605443037.594470, 198
1605443037.609192, 199
1605443037.623628, 200
1605443037.636986, 198
1605443037.652096, 200
1605443037.668063, 199
1605443037.687933, 198
1605443037.702698, 200
1605443037.715953, 200
1605443037.729377, 200
1605443037.743934, 200
1605443037.757332, 199
1605443037.770647, 199
1605443037.787725, 200
1605443037.801792, 199
1605443037.815926, 199
1605443037.831675, 200
1605443037.846716, 199
1605443037.860074, 200
1605443037.873539, 200
1605443037.889406, 199
1605443037.902829, 199
1605443037.916446, 196
1605443037.931098, 199
1605443037.944413, 198
1605443037.957936, 199
1605443037.974930, 199
1605443037.988515, 199
1605443038.001562, 200
1605443038.016110, 197
1605443038.029407, 195
1605443038.043428, 196
1605443038.058809, 195
1605443038.073555, 195
1605443038.086862, 195
1605443038.100496, 195
1605443038.115425, 195
1605443038.128829, 198
1605443038.142441, 199
1605443038.157230, 199
1605443038.171855, 199
1605443038.185508, 200
1605443038.200700, 200
1605443038.215900, 200
1605443038.229660, 200
1605443038.246469, 200
1605443038.274212, 197
1605443038.288344, 196
1605443038.301956, 195
1605443038.317269, 196
1605443038.330407, 198
1605443038.343653, 195
1605443038.357799, 193
1605443038.372750, 194
1605443038.386037, 193
1605443038.399659, 193
1605443038.413364, 193
1605443038.427854, 193
1605443038.441349, 193
1605443038.456551, 194
1605443038.471515, 194
1605443038.484817, 195
1605443038.498099, 199
1605443038.512561, 200
1605443038.526603, 199
1605443038.540126, 199
1605443038.555278, 199
1605443038.568977, 200
1605443038.582614, 199
1605443038.597215, 199
1605443038.610562, 199
1605443038.624277, 198
1605443038.639188, 199
1605443038.652963, 200
1605443038.666586, 198
1605443038.681307, 198
1605443038.694601, 198
1605443038.708258, 199
1605443038.723472, 200
1605443038.736831, 199
1605443038.750097, 197
1605443038.764712, 200
1605443038.779202, 199
1605443038.792719, 198
1605443038.807368, 200
1605443038.821495, 197
1605443038.834971, 200
1605443038.850344, 198
1605443038.866881, 195
1605443038.888379, 196
1605443038.902200, 195
1605443038.916454, 196
1605443038.933263, 194
1605443038.948021, 197
1605443038.961540, 194
1605443038.975300, 195
1605443038.989110, 194
1605443039.003146, 195
1605443039.016485, 193
1605443039.032186, 195
1605443039.045423, 195
1605443039.058783, 194
1605443039.074236, 194
1605443039.088122, 195
1605443039.101487, 200
1605443039.115902, 198
1605443039.130271, 197
1605443039.143815, 198
1605443039.160566, 198
1605443039.175015, 198
1605443039.188676, 199
1605443039.202113, 197
1605443039.216545, 199
1605443039.229791, 199
1605443039.243576, 197
1605443039.258393, 194
1605443039.271999, 200
1605443039.285315, 199
1605443039.299931, 200
1605443039.314278, 199
1605443039.328925, 198
1605443039.344579, 197
1605443039.359612, 197
1605443039.373264, 196
1605443039.386819, 197
1605443039.400433, 198
1605443039.413743, 196
1605443039.426904, 196
1605443039.441426, 197
1605443039.455672, 198
1605443039.470088, 198
1605443039.484525, 198
1605443039.502036, 199
1605443039.516564, 198
1605443039.535797, 199
1605443039.550964, 199
1605443039.565182, 197
1605443039.578843, 199
1605443039.593248, 199
1605443039.606902, 195
1605443039.620333, 192
1605443039.640599, 192
1605443039.660538, 191
1605443039.681468, 188
1605443039.704845, 184
1605443039.724467, 181
1605443039.742529, 177
1605443039.757393, 177
1605443039.784340, 168
1605443039.803000, 165
1605443039.817117, 162
1605443039.832198, 160
1605443039.846660, 157
1605443039.861232, 155
1605443039.874703, 150
1605443039.897287, 147
1605443039.912402, 145
1605443039.927919, 139
1605443039.941606, 139
1605443039.966410, 138
1605443039.981166, 138
1605443039.994924, 138
1605443040.007907, 139
1605443040.027985, 139
1605443040.043803, 138
1605443040.064175, 139
1605443040.079929, 140
1605443040.111310, 139
1605443040.131646, 137
1605443040.145128, 129
1605443040.165637, 123
1605443040.186069, 118
1605443040.201202, 113
1605443040.217979, 110
1605443040.230757, 103
1605443040.252104, 94
1605443040.272905, 86
1605443040.298482, 83
1605443040.312739, 84
1605443040.326475, 84
1605443040.340231, 82
1605443040.355692, 81
1605443040.370451, 81
1605443040.395157, 81
1605443040.410529, 80
1605443040.424279, 80
1605443040.439663, 79
1605443040.455760, 78
1605443040.469754, 77
1605443040.482846, 77
1605443040.498033, 77
1605443040.511057, 77
1605443040.528424, 76
1605443040.547626, 75
1605443040.562953, 76
1605443040.576377, 75
1605443040.589922, 76
1605443040.604512, 76
1605443040.618875, 76
1605443040.632304, 77
1605443040.648364, 76
1605443040.675243, 75
1605443040.690363, 76
1605443040.703849, 76
1605443040.717323, 76
1605443040.731993, 75
1605443040.745480, 74
1605443040.758771, 74
1605443040.773609, 72
1605443040.787777, 72
1605443040.800786, 72
1605443040.816548, 72
1605443040.832393, 73
1605443040.846262, 72
1605443040.859802, 72
1605443040.874970, 73
1605443040.888016, 73
1605443040.901401, 72
1605443040.916122, 74
1605443040.929551, 72
1605443040.943244, 73
1605443040.958095, 74
1605443040.971563, 73
1605443040.984981, 73
1605443041.002320, 73
1605443041.016096, 74
1605443041.029171, 74
1605443041.046129, 73
1605443041.060411, 74
1605443041.073511, 73
1605443041.089137, 73
1605443041.103882, 74
1605443041.117953, 73
1605443041.131883, 74
1605443041.146766, 74
1605443041.160289, 74
1605443041.173762, 74
1605443041.188077, 73
1605443041.201637, 73
1605443041.214793, 74
1605443041.229951, 74
1605443041.244375, 73
1605443041.263980, 74
1605443041.285250, 74
1605443041.298941, 73
1605443041.313821, 74
1605443041.328155, 74
1605443041.341645, 74
1605443041.358871, 74
1605443041.376039, 72
1605443041.389843, 75
1605443041.406267, 75
1605443041.420829, 75
1605443041.434341, 74
1605443041.448010, 74
1605443041.464686, 74
1605443041.478172, 75
1605443041.491886, 74
1605443041.509110, 75
1605443041.522488, 75
1605443041.539261, 75
1605443041.553615, 74
1605443041.566658, 75
1605443041.580604, 74
1605443041.597919, 75
1605443041.611164, 75
1605443041.626098, 75
1605443041.640382, 76
1605443041.654487, 76
1605443041.667772, 75
1605443041.682430, 75
1605443041.695967, 76
1605443041.709469, 75
1605443041.724510, 75
1605443041.738192, 75
1605443041.751498, 75
1605443041.767858, 76
1605443041.782111, 74
1605443041.795623, 75
1605443041.810589, 76
1605443041.825168, 75
1605443041.838441, 76
1605443041.851955, 76
1605443041.872769, 75
1605443041.886998, 75
1605443041.901483, 76
1605443041.915629, 75
1605443041.928828, 76
1605443041.942415, 75
1605443041.956963, 76
1605443041.970186, 75
1605443041.983996, 75
1605443041.998792, 75
1605443042.012123, 75
1605443042.025506, 75
1605443042.041247, 76
1605443042.054559, 76
1605443042.068556, 76
1605443042.082402, 77
1605443042.096067, 76
1605443042.110143, 76
1605443042.123985, 77
1605443042.137530, 77
1605443042.150714, 76
1605443042.168583, 76
1605443042.182289, 76
1605443042.195448, 76
1605443042.208502, 76
1605443042.221988, 75
1605443042.236024, 77
1605443042.249920, 76
1605443042.264734, 76
1605443042.277868, 75
1605443042.291191, 76
1605443042.305814, 76
1605443042.319509, 77
1605443042.332750, 77
1605443042.345884, 77
1605443042.359090, 76
1605443042.378362, 76
1605443042.393253, 77
1605443042.406775, 76
1605443042.420282, 77
1605443042.435124, 78
1605443042.449265, 77
1605443042.470256, 77
1605443042.486417, 78
1605443042.502628, 77
1605443042.515633, 76
1605443042.529268, 78
1605443042.544909, 77
1605443042.559558, 77
1605443042.572855, 77
1605443042.585990, 77
1605443042.601121, 78
1605443042.614301, 76
1605443042.627941, 77
1605443042.642122, 78
1605443042.655481, 77
1605443042.668881, 78
1605443042.682269, 78
1605443042.696566, 78
1605443042.710623, 77
1605443042.728510, 77
1605443042.745666, 78
1605443042.759420, 77
1605443042.780336, 78
1605443042.795615, 78
1605443042.808966, 78
1605443042.822424, 77
1605443042.837501, 78
1605443042.851920, 79
1605443042.864939, 79
1605443042.878508, 78
1605443042.893998, 78
1605443042.908006, 79
1605443042.921464, 78
1605443042.934825, 78
1605443042.948512, 77
1605443042.962282, 78
1605443042.976844, 79
1605443042.989922, 78
1605443043.003659, 78
1605443043.018363, 79
1605443043.032103, 79
1605443043.046633, 79
1605443043.070674, 78
1605443043.088919, 78
1605443043.103189, 77
1605443043.116511, 78
1605443043.134712, 79
1605443043.148891, 79
1605443043.162606, 79
1605443043.176420, 79
1605443043.191364, 78
1605443043.204795, 78
1605443043.220508, 79
1605443043.234019, 78
1605443043.247915, 79
1605443043.264589, 79
1605443043.277726, 78
1605443043.291838, 80
1605443043.305231, 80
1605443043.318709, 79
1605443043.332045, 78
1605443043.347317, 80
1605443043.360848, 79
1605443043.374401, 79
1605443043.391161, 79
1605443043.405066, 79
1605443043.419283, 79
1605443043.432401, 79
1605443043.446056, 79
1605443043.460094, 79
1605443043.475511, 81
1605443043.488751, 80
1605443043.502095, 80
1605443043.516709, 80
1605443043.530336, 79
1605443043.544025, 80
1605443043.565976, 80
1605443043.582990, 79
1605443043.597403, 79
1605443043.610422, 79
1605443043.625240, 79
1605443043.640837, 79
1605443043.661328, 79
1605443043.677623, 80
1605443043.691492, 80
1605443043.704436, 80
1605443043.718912, 79
1605443043.733643, 81
1605443043.746664, 81
1605443043.760529, 79
1605443043.775340, 81
1605443043.789296, 81
1605443043.802904, 80
1605443043.818576, 79
1605443043.832378, 81
1605443043.845952, 81
1605443043.861226, 80
1605443043.875148, 81
1605443043.888780, 80
1605443043.906291, 81
1605443043.919947, 80
1605443043.935082, 81
1605443043.949085, 81
1605443043.962411, 81
1605443043.975795, 79
1605443043.990928, 81
1605443044.004049, 81
1605443044.018378, 79
1605443044.033076, 80
1605443044.046401, 80
1605443044.059890, 80
1605443044.074789, 82
1605443044.088768, 81
1605443044.102454, 82
1605443044.119666, 82
1605443044.133633, 82
1605443044.146967, 81
1605443044.163754, 82
1605443044.178892, 82
1605443044.192804, 82
1605443044.206156, 82
1605443044.222918, 81
1605443044.236043, 81
1605443044.249472, 80
1605443044.271764, 80
1605443044.290242, 81
1605443044.303515, 81
1605443044.316847, 81
1605443044.331317, 81
1605443044.344831, 81
1605443044.358074, 81
1605443044.373489, 81
1605443044.386972, 81
1605443044.400686, 82
1605443044.417352, 81
1605443044.430569, 81
1605443044.444723, 82
1605443044.462116, 81
1605443044.475551, 82
1605443044.489813, 82
1605443044.505262, 82
1605443044.518574, 83
1605443044.532397, 82
1605443044.547004, 83
1605443044.560437, 83
1605443044.574857, 82
1605443044.589927, 83
1605443044.603941, 83
1605443044.617602, 83
1605443044.634621, 82
1605443044.648970, 83
1605443044.662456, 83
1605443044.680101, 83
1605443044.694811, 82
1605443044.710019, 82
1605443044.724475, 83
1605443044.737589, 81
1605443044.751445, 83
1605443044.768698, 83
1605443044.781923, 83
1605443044.795687, 82
1605443044.810724, 83
1605443044.824067, 82
1605443044.838083, 81
1605443044.852783, 82
1605443044.870324, 83
1605443044.893728, 82
1605443044.907249, 82
1605443044.920524, 84
1605443044.934969, 84
1605443044.949054, 83
1605443044.962410, 83
1605443044.977781, 83
1605443044.991877, 84
1605443045.005608, 83
1605443045.022879, 82
1605443045.036998, 84
1605443045.051153, 83
1605443045.068444, 83
1605443045.081853, 84
1605443045.095571, 84
1605443045.111963, 84
1605443045.125499, 83
1605443045.141552, 83
1605443045.156642, 85
1605443045.170930, 83
1605443045.184381, 83
1605443045.200771, 83
1605443045.214992, 84
1605443045.228161, 83
1605443045.247370, 83
1605443045.260709, 84
1605443045.274117, 84
1605443045.287893, 83
1605443045.304241, 84
1605443045.317757, 84
1605443045.331298, 83
1605443045.346379, 83
1605443045.359973, 84
1605443045.373305, 84
1605443045.388196, 85
1605443045.401547, 83
1605443045.415527, 84
1605443045.429824, 85
1605443045.443344, 84
1605443045.456646, 84
1605443045.479162, 85
1605443045.497246, 85
1605443045.510526, 85
1605443045.524530, 84
1605443045.541117, 85
1605443045.554746, 85
1605443045.568140, 85
1605443045.582961, 85
1605443045.597001, 85
1605443045.613557, 84
1605443045.630232, 85
1605443045.644275, 85
1605443045.657928, 85
1605443045.673088, 85
1605443045.686446, 84
1605443045.700092, 84
1605443045.714424, 85
1605443045.727756, 84
1605443045.741637, 84
1605443045.755910, 84
1605443045.769183, 85
1605443045.782786, 83
1605443045.797518, 85
1605443045.811636, 86
1605443045.826969, 84
1605443045.850183, 82
1605443045.869796, 86
1605443045.883065, 86
1605443045.904481, 85
1605443045.920978, 84
1605443045.935546, 86
1605443045.950094, 86
1605443045.963964, 85
1605443045.981548, 87
1605443045.999739, 86
1605443046.015124, 86
1605443046.028663, 86
1605443046.045613, 86
1605443046.069957, 85
1605443046.084906, 88
1605443046.098308, 87
1605443046.111827, 87
1605443046.127508, 86
1605443046.143566, 86
1605443046.159255, 87
1605443046.174640, 86
1605443046.188568, 86
1605443046.201756, 86
1605443046.215202, 86
1605443046.229151, 85
1605443046.247607, 86
1605443046.262211, 87
1605443046.277376, 87
1605443046.291418, 87
1605443046.305310, 86
1605443046.321265, 87
1605443046.335857, 86
1605443046.349391, 86
1605443046.362752, 85
1605443046.376017, 87
1605443046.398413, 86
1605443046.417687, 86
1605443046.431870, 87
1605443046.487827, 85
1605443046.502719, 87
1605443046.517893, 87
1605443046.531158, 87
1605443046.544346, 86
1605443046.561531, 86
1605443046.575694, 87
1605443046.590057, 87
1605443046.604040, 87
1605443046.618765, 87
1605443046.631649, 88
1605443046.646357, 86
1605443046.659666, 88
1605443046.673570, 87
1605443046.687437, 87
1605443046.702013, 88
1605443046.715196, 88
1605443046.729724, 89
1605443046.743668, 89
1605443046.757251, 88
1605443046.771405, 87
1605443046.786139, 89
1605443046.799442, 88
1605443046.813336, 87
1605443046.829175, 88
1605443046.842312, 88
1605443046.856488, 87
1605443046.872338, 87
1605443046.886446, 88
1605443046.902324, 88
1605443046.916534, 88
1605443046.929988, 87
1605443046.944833, 88
1605443046.960670, 89
1605443046.974987, 88
1605443046.988991, 89
1605443047.003392, 88
1605443047.016629, 88
1605443047.031043, 88
1605443047.044952, 89
1605443047.058031, 88
1605443047.077866, 88
1605443047.092091, 88
1605443047.105197, 89
1605443047.120009, 89
1605443047.134790, 90
1605443047.149126, 89
1605443047.163058, 89
1605443047.176606, 89
1605443047.190485, 88
1605443047.204837, 88
1605443047.219342, 88
1605443047.232980, 89
1605443047.248761, 88
1605443047.262833, 87
1605443047.278027, 89
1605443047.292417, 90
1605443047.305254, 90
1605443047.324495, 89
1605443047.338922, 90
1605443047.352478, 89
1605443047.368541, 88
1605443047.383070, 90
1605443047.397024, 90
1605443047.410302, 89
1605443047.425021, 90
1605443047.438345, 89
1605443047.451919, 89
1605443047.467088, 89
1605443047.480806, 88
1605443047.494407, 88
1605443047.509039, 89
1605443047.523235, 90
1605443047.536675, 90
1605443047.553298, 90
1605443047.567873, 90
1605443047.582259, 89
1605443047.599992, 90
1605443047.615933, 91
1605443047.630734, 91
1605443047.644550, 91
1605443047.660602, 91
1605443047.675812, 91
1605443047.690478, 92
1605443047.703568, 90
1605443047.717402, 91
1605443047.731535, 91
1605443047.745137, 91
1605443047.761541, 90
1605443047.775900, 90
1605443047.789513, 90
1605443047.805567, 89
1605443047.818930, 91
1605443047.832958, 89
1605443047.846603, 89
1605443047.861663, 90
1605443047.874784, 88
1605443048.024618, 84
1605443048.039943, 90
1605443048.057061, 90
1605443048.073036, 90
1605443048.088523, 91
1605443048.105844, 90
1605443048.120026, 90
1605443048.133874, 91
1605443048.150592, 90
1605443048.165785, 91
1605443048.180445, 91
1605443048.194414, 91
1605443048.207552, 91
1605443048.220886, 91
1605443048.235434, 90
1605443048.248994, 92
1605443048.262124, 92
1605443048.278777, 91
1605443048.292593, 91
1605443048.305524, 92
1605443048.320073, 91
1605443048.335348, 91
1605443048.348999, 92
1605443048.362400, 93
1605443048.379614, 93
1605443048.393105, 92
1605443048.407577, 93
1605443048.424353, 91
1605443048.437848, 91
1605443048.455741, 92
1605443048.470355, 92
1605443048.483885, 92
1605443048.497484, 92
1605443048.512110, 92
1605443048.526278, 91
1605443048.539778, 91
1605443048.556619, 92
1605443048.569874, 90
1605443048.583615, 91
1605443048.598550, 90
1605443048.612051, 91
1605443048.625290, 90
1605443048.640460, 91
1605443048.653675, 91
1605443048.667450, 91
1605443048.681724, 91
1605443048.694780, 92
1605443048.708741, 92
1605443048.724008, 92
1605443048.738039, 92
1605443048.751733, 92
1605443048.768059, 92
1605443048.781597, 93
1605443048.794965, 92
1605443048.810943, 92
1605443048.825633, 92
1605443048.839662, 93
1605443048.853790, 93
1605443048.869683, 93
1605443048.883565, 92
1605443048.898304, 93
1605443048.912800, 92
1605443048.926359, 92
1605443048.939788, 92
1605443048.954129, 92
1605443048.968054, 91
1605443048.981878, 93
1605443048.995959, 93
1605443049.009154, 92
1605443049.023236, 93
1605443049.037971, 94
1605443049.051427, 93
1605443049.064785, 93
1605443049.082812, 93
1605443049.095921, 93
1605443049.109888, 93
1605443049.124854, 92
1605443049.140174, 92
1605443049.155478, 93
1605443049.168698, 94
1605443049.181975, 94
1605443049.196706, 94
1605443049.211697, 93
1605443049.225085, 94
1605443049.238508, 93
1605443049.253264, 92
1605443049.266570, 92
1605443049.280024, 93
1605443049.296189, 93
1605443049.309295, 92
1605443049.323723, 92
1605443049.338705, 93
1605443049.352883, 92
1605443049.368711, 93
1605443049.384491, 93
1605443049.399320, 93
1605443049.412787, 94
1605443049.426407, 94
1605443049.441282, 94
1605443049.455935, 94
1605443049.469864, 95
1605443049.485329, 93
1605443049.498854, 94
1605443049.512206, 94
1605443049.530919, 94
1605443049.545379, 94
1605443049.559242, 94
1605443049.575139, 93
1605443049.589996, 93
1605443049.603345, 92
1605443049.616525, 93
1605443049.630256, 93
1605443049.643567, 93
1605443049.658778, 93
1605443049.677105, 94
1605443049.690492, 94
1605443049.704744, 94
1605443049.718870, 94
1605443049.733270, 95
1605443049.746827, 94
1605443049.763301, 95
1605443049.780152, 95
1605443049.793654, 95
1605443049.807284, 94
1605443049.823858, 93
1605443049.839491, 95
1605443049.853110, 94
1605443049.866923, 94
1605443049.881744, 94
1605443049.897030, 94
1605443049.911416, 96
1605443049.928406, 94
1605443049.942063, 94
1605443049.955615, 94
1605443049.969850, 95
1605443049.983722, 93
1605443049.996963, 94
1605443050.012676, 94
1605443050.026349, 95
1605443050.039912, 94
1605443050.055210, 95
1605443050.068760, 94
1605443050.082456, 95
1605443050.097093, 94
1605443050.110181, 94
1605443050.125474, 95
1605443050.140822, 96
1605443050.154142, 96
1605443050.168762, 94
1605443050.184351, 96
1605443050.197448, 96
1605443050.212138, 95
1605443050.227500, 96
1605443050.241501, 95
1605443050.254660, 95
1605443050.268531, 96
1605443050.283692, 94
1605443050.298071, 94
1605443050.318745, 94
1605443050.332741, 94
1605443050.345813, 94
1605443050.359964, 93
1605443050.373979, 94
1605443050.388305, 94
1605443050.402887, 95
1605443050.416463, 97
1605443050.430194, 96
1605443050.444264, 96
1605443050.459055, 97
1605443050.473181, 96
1605443050.486494, 95
1605443050.501011, 97
1605443050.514524, 95
1605443050.528018, 96
1605443050.542849, 96
1605443050.556083, 96
1605443050.571344, 97
1605443050.588198, 96
1605443050.602764, 95
1605443050.615565, 98
1605443050.630769, 96
1605443050.646232, 95
1605443050.659988, 96
1605443050.673458, 96
1605443050.688752, 95
1605443050.704300, 95
1605443050.718997, 95
1605443050.736447, 95
1605443050.753529, 96
1605443050.769746, 96
1605443050.783607, 97
1605443050.797243, 97
1605443050.810631, 96
1605443050.827480, 97
1605443050.842762, 97
1605443050.856890, 97
1605443050.871649, 97
1605443050.890216, 96
1605443050.904609, 97
1605443050.917940, 97
1605443050.934434, 97
1605443050.948086, 96
1605443050.962785, 98
1605443050.978053, 98
1605443050.991751, 96
1605443051.006621, 96
1605443051.020953, 97
1605443051.034959, 96
1605443051.048464, 96
1605443051.065900, 97
1605443051.080311, 97
1605443051.096710, 94
1605443051.112177, 98
1605443051.125956, 98
1605443051.140393, 97
1605443051.157303, 98
1605443051.171639, 97
1605443051.185541, 97
1605443051.200668, 97
1605443051.213824, 98
1605443051.227667, 98
1605443051.244300, 98
1605443051.258046, 98
1605443051.271992, 98
1605443051.285967, 97
1605443051.300563, 97
1605443051.314069, 98
1605443051.327173, 98
1605443051.341212, 97
1605443051.354877, 97
1605443051.369549, 97
1605443051.383559, 97
1605443051.397045, 97
1605443051.416160, 97
1605443051.429659, 97
1605443051.443354, 97
1605443051.458296, 99
1605443051.472268, 98
1605443051.486597, 98
1605443051.502921, 99
1605443051.515795, 99
1605443051.530281, 98
1605443051.547410, 98
1605443051.561096, 98
1605443051.574538, 98
1605443051.589000, 97
1605443051.602621, 98
1605443051.616977, 99
1605443051.633725, 98
1605443051.647445, 98
1605443051.662228, 98
1605443051.679260, 98
1605443051.693371, 96
1605443051.707211, 98
1605443051.722740, 98
1605443051.736140, 97
1605443051.749986, 98
1605443051.766942, 97
1605443051.780772, 97
1605443051.797498, 98
1605443051.816722, 97
1605443051.830188, 98
1605443051.846297, 98
1605443051.860842, 99
1605443051.874799, 98
1605443051.890510, 99
1605443051.905517, 99
1605443051.918366, 98
1605443051.932346, 98
1605443051.946755, 100
1605443051.960026, 100
1605443051.974051, 99
1605443051.989399, 100
1605443052.003080, 100
1605443052.018499, 99
1605443052.032793, 99
1605443052.046654, 98
1605443052.061108, 98
1605443052.077994, 97
1605443052.093026, 99
1605443052.106241, 99
1605443052.121460, 98
1605443052.138434, 99
1605443052.151795, 98
1605443052.169587, 99
1605443052.184188, 100
1605443052.197859, 99
1605443052.211553, 98
1605443052.227311, 99
1605443052.240805, 100
1605443052.254098, 99
1605443052.267427, 99
1605443052.280864, 99
1605443052.294324, 100
1605443052.309075, 100
1605443052.324432, 99
1605443052.338051, 100
1605443052.353800, 100
1605443052.367109, 100
1605443052.381181, 101
1605443052.395886, 99
1605443052.409226, 99
1605443052.422838, 99
1605443052.436315, 100
1605443052.451115, 99
1605443052.465211, 99
1605443052.478985, 99
1605443052.494710, 99
1605443052.508210, 99
1605443052.521932, 99
1605443052.536988, 101
1605443052.550410, 101
1605443052.563954, 100
1605443052.578521, 100
1605443052.592184, 100
1605443052.605631, 100
1605443052.622586, 100
1605443052.635789, 101
1605443052.649186, 100
1605443052.663938, 101
1605443052.677378, 100
1605443052.691178, 101
1605443052.705828, 101
1605443052.719974, 100
1605443052.733689, 100
1605443052.748022, 101
1605443052.761381, 100
1605443052.775919, 99
1605443052.790412, 98
1605443052.803288, 100
1605443052.819410, 100
1605443052.833444, 99
1605443052.848158, 100
1605443052.861987, 100
1605443052.875252, 100
1605443052.889369, 101
1605443052.904614, 100
1605443052.922231, 102
1605443052.935691, 102
1605443052.949317, 101
1605443052.965063, 100
1605443052.979495, 101
1605443052.993288, 101
1605443053.008021, 101
1605443053.023113, 101
1605443053.036677, 102
1605443053.051126, 101
1605443053.065317, 101
1605443053.079371, 100
1605443053.093061, 102
1605443053.107162, 101
1605443053.120325, 100
1605443053.134007, 101
1605443053.148920, 101
1605443053.162462, 100
1605443053.176158, 101
1605443053.191626, 101
1605443053.204963, 101
1605443053.218290, 100
1605443053.232422, 98
1605443053.246243, 102
1605443053.259936, 101
1605443053.274504, 101
1605443053.287430, 101
1605443053.304327, 101
1605443053.319253, 102
1605443053.335545, 101
1605443053.350545, 102
1605443053.364881, 103
1605443053.378940, 102
1605443053.393040, 102
1605443053.407727, 103
1605443053.422359, 102
1605443053.436519, 101
1605443053.451314, 101
1605443053.465765, 103
1605443053.479392, 102
1605443053.494527, 101
1605443053.507957, 101
1605443053.522174, 102
1605443053.537403, 102
1605443053.550774, 101
1605443053.564999, 99
1605443053.580088, 102
1605443053.593258, 103
1605443053.607839, 102
1605443053.626298, 102
1605443053.639733, 102
1605443053.654154, 102
1605443053.669009, 103
1605443053.682282, 102
1605443053.696963, 102
1605443053.712209, 103
1605443053.728418, 103
1605443053.741839, 102
1605443053.756552, 102
1605443053.771246, 102
1605443053.786090, 103
1605443053.799719, 102
1605443053.813848, 102
1605443053.829691, 102
1605443053.843791, 102
1605443053.859283, 102
1605443053.873643, 102
1605443053.887500, 102
1605443053.901521, 103
1605443053.916258, 103
1605443053.932903, 103
1605443054.019499, 100
1605443054.044706, 104
1605443054.059359, 102
1605443054.085524, 104
1605443054.101721, 104
1605443054.119884, 102
1605443054.133943, 103
1605443054.155835, 103
1605443054.220541, 103
1605443054.237241, 102
1605443054.252722, 103
1605443054.271321, 103
1605443054.285091, 103
1605443054.299742, 105
1605443054.314050, 104
1605443054.340346, 103
1605443054.356644, 102
1605443054.374741, 104
1605443054.388853, 104
1605443054.402057, 104
1605443054.415397, 104
1605443054.430014, 103
1605443054.443411, 103
1605443054.457745, 104
1605443054.473204, 105
1605443054.486407, 105
1605443054.499176, 104
1605443054.515793, 104
1605443054.530157, 103
1605443054.543506, 105
1605443054.559301, 105
1605443054.572811, 104
1605443054.586239, 105
1605443054.600582, 105
1605443054.613605, 105
1605443054.627152, 104
1605443054.641320, 105
1605443054.654992, 104
1605443054.669148, 105
1605443054.684105, 104
1605443054.698665, 104
1605443054.711595, 103
1605443054.726724, 102
1605443054.739877, 103
1605443054.752855, 104
1605443054.769455, 104
1605443054.784640, 103
1605443054.798280, 104
1605443054.814036, 104
1605443054.827588, 104
1605443054.842264, 103
1605443054.859784, 104
1605443054.877640, 105
1605443054.894952, 104
1605443054.910724, 104
1605443054.928840, 104
1605443054.948503, 104
1605443054.961639, 104
1605443054.975748, 104
1605443054.992556, 104
1605443055.006430, 104
1605443055.025411, 105
1605443055.043330, 105
1605443055.057883, 104
1605443055.075075, 103
1605443055.089864, 104
1605443055.103455, 105
1605443055.117046, 105
1605443055.130959, 103
1605443055.144423, 105
1605443055.158553, 105
1605443055.172519, 104
1605443055.188582, 106
1605443055.202471, 105
1605443055.217800, 105
1605443055.232658, 103
1605443055.248552, 105
1605443055.264298, 106
1605443055.279344, 105
1605443055.293269, 104
1605443055.307641, 105
1605443055.320337, 105
1605443055.335166, 105
1605443055.349384, 105
1605443055.370240, 106
1605443055.386564, 104
1605443055.402360, 106
1605443055.417130, 106
1605443055.431652, 106
1605443055.445569, 102
1605443055.617115, 103
1605443055.632098, 105
1605443055.648391, 105
1605443055.662266, 105
1605443055.676607, 105
1605443055.691498, 107
1605443055.722118, 105
1605443055.736436, 106
1605443055.753493, 106
1605443055.773330, 106
1605443055.793516, 107
1605443055.806777, 106
1605443055.820489, 106
1605443055.835491, 106
1605443055.850425, 106
1605443055.865345, 106
1605443055.879541, 107
1605443055.895339, 106
1605443055.911902, 105
1605443055.926733, 106
1605443055.943109, 106
1605443055.957399, 106
1605443055.972031, 105
1605443055.985385, 106
1605443056.000959, 105
1605443056.016534, 104
1605443056.029205, 106
1605443056.046694, 105
1605443056.064839, 105
1605443056.095524, 107
1605443056.112036, 107
1605443056.125190, 107
1605443056.144401, 105
1605443056.157809, 106
1605443056.172670, 106
1605443056.187533, 105
1605443056.205004, 107
1605443056.220379, 106
1605443056.234897, 107
1605443056.248611, 106
1605443056.263636, 107
1605443056.276654, 108
1605443056.292556, 107
1605443056.308081, 106
1605443056.324102, 107
1605443056.339079, 107
1605443056.354796, 105
1605443056.370126, 106
1605443056.384091, 106
1605443056.399666, 106
1605443056.415785, 106
1605443056.429030, 108
1605443056.448048, 108
1605443056.461721, 107
1605443056.475091, 107
1605443056.488710, 108
1605443056.502214, 108
1605443056.515505, 109
1605443056.531188, 107
1605443056.547062, 107
1605443056.562834, 107
1605443056.576678, 107
1605443056.591349, 108
1605443056.607072, 108
1605443056.621390, 108
1605443056.635328, 106
1605443056.652707, 108
1605443056.667951, 108
1605443056.681643, 107
1605443056.697563, 106
1605443056.711794, 106
1605443056.725875, 106
1605443056.740473, 105
1605443056.754379, 105
1605443056.768439, 108
1605443056.821276, 108
1605443056.842030, 104
1605443056.861563, 108
1605443056.875534, 108
1605443056.891142, 108
1605443056.906260, 108
1605443056.920264, 108
1605443056.935518, 108
1605443056.951379, 108
1605443056.964408, 109
1605443056.978956, 109
1605443056.997032, 108
1605443057.011493, 109
1605443057.025063, 108
1605443057.040232, 109
1605443057.053813, 108
1605443057.068378, 109
1605443057.082715, 108
1605443057.095913, 108
1605443057.110021, 107
1605443057.126884, 108
1605443057.141897, 108
1605443057.155540, 107
1605443057.169063, 107
1605443057.182328, 108
1605443057.196300, 110
1605443057.220679, 108
1605443057.234220, 109
1605443057.247980, 109
1605443057.263542, 109
1605443057.278072, 108
1605443057.295980, 107
1605443057.311242, 108
1605443057.326379, 108
1605443057.342851, 109
1605443057.362565, 108
1605443057.377175, 108
1605443057.391425, 109
1605443057.408229, 109
1605443057.430168, 110
1605443057.444647, 110
1605443057.459215, 110
1605443057.475201, 109
1605443057.494990, 108
1605443057.509578, 108
1605443057.523822, 108
1605443057.538100, 107
1605443057.564571, 108
1605443057.578888, 108
1605443057.592875, 110
1605443057.608966, 110
1605443057.625140, 109
1605443057.639223, 110
1605443057.655382, 109
1605443057.670779, 110
1605443057.684338, 109
1605443057.700165, 109
1605443057.715017, 109
1605443057.729572, 109
1605443057.742968, 109
1605443057.759305, 110
1605443057.781992, 109
1605443057.797523, 110
1605443057.822085, 110
1605443057.849246, 108
1605443057.876289, 108
1605443057.890909, 110
1605443057.928867, 110
1605443057.943748, 110
1605443057.961008, 109
1605443057.978414, 110
1605443057.999000, 111
1605443058.014724, 112
1605443058.028432, 111
1605443058.042136, 111
1605443058.056893, 111
1605443058.070206, 112
1605443058.087428, 111
1605443058.104617, 111
1605443058.117951, 111
1605443058.131668, 112
1605443058.148513, 111
1605443058.162969, 110
1605443058.176311, 110
1605443058.189949, 111
1605443058.204727, 111
1605443058.219065, 110
1605443058.233393, 108
1605443058.248095, 110
1605443058.261866, 110
1605443058.275499, 109
1605443058.290420, 110
1605443058.304226, 110
1605443058.317850, 110
1605443058.332642, 109
1605443058.345879, 110
1605443058.360736, 109
1605443058.376302, 111
1605443058.389606, 109
1605443058.404366, 111
1605443058.418359, 111
1605443058.432245, 111
1605443058.446767, 111
1605443058.462862, 111
1605443058.476150, 111
1605443058.489833, 110
1605443058.503369, 111
1605443058.517058, 112
1605443058.531294, 112
1605443058.546436, 112
1605443058.560251, 112
1605443058.573777, 111
1605443058.587313, 112
1605443058.601238, 111
1605443058.614843, 111
1605443058.630276, 110
1605443058.644293, 111
1605443058.658364, 109
1605443058.681744, 110
1605443058.695858, 111
1605443058.710384, 111
1605443058.723461, 111
1605443058.736673, 110
1605443058.751454, 112
1605443058.765707, 111
1605443058.781248, 112
1605443058.794599, 112
1605443058.808170, 112
1605443058.823610, 111
1605443058.837885, 112
1605443058.853554, 112
1605443058.867343, 112
1605443058.882739, 112
1605443058.898679, 111
1605443058.912930, 111
1605443058.926414, 112
1605443058.942074, 112
1605443058.956515, 112
1605443058.971596, 112
1605443058.985609, 111
1605443058.999598, 111
1605443059.014413, 112
1605443059.029993, 110
1605443059.045462, 111
1605443059.060493, 110
1605443059.073473, 110
1605443059.087563, 111
1605443059.103034, 111
1605443059.116661, 111
1605443059.130136, 112
1605443059.148864, 112
1605443059.162206, 112
1605443059.175389, 112
1605443059.190961, 112
1605443059.205247, 112
1605443059.218523, 113
1605443059.233494, 113
1605443059.246723, 112
1605443059.265075, 112
1605443059.280204, 113
1605443059.294435, 113
1605443059.307889, 112
1605443059.333260, 113
1605443059.346876, 113
1605443059.360296, 112
1605443059.374154, 113
1605443059.389731, 112
1605443059.404595, 113
1605443059.417758, 112
1605443059.440431, 111
1605443059.456458, 112
1605443059.471304, 111
1605443059.485217, 112
1605443059.500381, 112
1605443059.514424, 112
1605443059.528831, 112
1605443059.545480, 113
1605443059.558735, 112
1605443059.573311, 113
1605443059.587837, 112
1605443059.602078, 113
1605443059.615262, 112
1605443059.630181, 113
1605443059.643883, 113
1605443059.657965, 113
1605443059.674080, 114
1605443059.687237, 113
1605443059.700939, 113
1605443059.715559, 114
1605443059.729142, 113
1605443059.742901, 113
1605443059.757769, 113
1605443059.773220, 114
1605443059.785905, 114
1605443059.801952, 112
1605443059.815733, 112
1605443059.829334, 113
1605443059.843225, 113
1605443059.859330, 112
1605443059.873920, 113
1605443059.888486, 113
1605443059.903369, 113
1605443059.918123, 115
1605443059.931090, 114
1605443059.951523, 114
1605443059.968449, 114
1605443059.982662, 114
1605443059.996137, 113
1605443060.016410, 114
1605443060.033901, 114
1605443060.048055, 114
1605443060.063379, 114
1605443060.077203, 114
1605443060.090691, 114
1605443060.104051, 114
1605443060.119734, 114
1605443060.133944, 114
1605443060.148410, 114
1605443060.164510, 114
1605443060.177840, 113
1605443060.191480, 113
1605443060.205518, 113
1605443060.225988, 114
1605443060.243341, 113
1605443060.256953, 114
1605443060.271900, 114
1605443060.287546, 113
1605443060.310424, 115
1605443060.325383, 115
1605443060.339250, 114
1605443060.353049, 114
1605443060.367537, 114
1605443060.380811, 114
1605443060.397698, 115
1605443060.413703, 114
1605443060.427931, 115
1605443060.441325, 114
1605443060.454639, 115
1605443060.469755, 115
1605443060.483312, 115
1605443060.504355, 115
1605443060.521366, 115
1605443060.534872, 114
1605443060.549417, 115
1605443060.572576, 114
1605443060.587661, 113
1605443060.601219, 113
1605443060.616118, 114
1605443060.634951, 114
1605443060.648665, 113
1605443060.662947, 114
1605443060.679068, 114
1605443060.692484, 114
1605443060.708411, 114
1605443060.727101, 113
1605443060.741607, 114
1605443060.755457, 115
1605443060.768903, 114
1605443060.782978, 115
1605443060.797028, 115
1605443060.813686, 115
1605443060.828242, 116
1605443060.841019, 115
1605443060.858894, 116
1605443060.875608, 116
1605443060.890235, 116
1605443060.908117, 115
1605443060.923451, 116
1605443060.937460, 115
1605443060.951156, 115
1605443060.968087, 115
1605443060.983036, 114
1605443060.996433, 115
1605443061.012137, 115
1605443061.027934, 115
1605443061.047295, 115
1605443061.061530, 115
1605443061.082017, 115
1605443061.097994, 116
1605443061.111359, 115
1605443061.125094, 116
1605443061.139873, 116
1605443061.154546, 115
1605443061.168001, 116
1605443061.183451, 117
1605443061.197280, 116
1605443061.211691, 116
1605443061.228197, 115
1605443061.241322, 116
1605443061.261207, 115
1605443061.278145, 116
1605443061.291738, 116
1605443061.305536, 116
1605443061.321101, 116
1605443061.335419, 116
1605443061.349308, 116
1605443061.368078, 116
1605443061.384004, 115
1605443061.397375, 115
1605443061.411376, 116
1605443061.428503, 116
1605443061.443666, 115
1605443061.463042, 115
1605443061.477832, 116
1605443061.496593, 117
1605443061.510382, 116
1605443061.525035, 116
1605443061.539188, 117
1605443061.552542, 116
1605443061.570985, 116
1605443061.585075, 116
1605443061.598234, 116
1605443061.611869, 117
1605443061.627033, 116
1605443061.640948, 117
1605443061.654842, 116
1605443061.670246, 117
1605443061.685558, 117
1605443061.698392, 117
1605443061.713117, 116
1605443061.727866, 119
1605443061.741294, 117
1605443061.754705, 117
1605443061.769090, 116
1605443061.782907, 115
1605443061.796626, 116
1605443061.811668, 116
1605443061.826051, 116
1605443061.840680, 118
1605443061.855289, 117
1605443061.868259, 117
1605443061.884173, 117
1605443061.902253, 119
1605443061.915814, 118
1605443061.932843, 118
1605443061.947966, 119
1605443061.962837, 119
1605443061.977843, 119
1605443061.992239, 119
1605443062.005674, 119
1605443062.019472, 119
1605443062.036551, 119
1605443062.050189, 118
1605443062.064627, 117
1605443062.079298, 119
1605443062.099216, 119
1605443062.113852, 116
1605443062.138339, 117
1605443062.159116, 117
1605443062.180125, 116
1605443062.195257, 117
1605443062.209224, 117
1605443062.223151, 117
1605443062.238060, 115
1605443062.253806, 117
1605443062.268053, 116
1605443062.281759, 118
1605443062.295722, 119
1605443062.308797, 118
1605443062.323672, 118
1605443062.337671, 118
1605443062.350734, 117
1605443062.368683, 118
1605443062.382009, 118
1605443062.400507, 118
1605443062.422479, 118
1605443062.440379, 117
1605443062.454060, 118
1605443062.468954, 117
1605443062.485454, 117
1605443062.498835, 119
1605443062.513519, 118
1605443062.528179, 118
1605443062.541591, 119
1605443062.555414, 119
1605443062.580086, 118
1605443062.594087, 118
1605443062.607431, 117
1605443062.620691, 117
1605443062.636077, 118
1605443062.650119, 117
1605443062.663483, 117
1605443062.676604, 118
1605443062.691052, 119
1605443062.704496, 119
1605443062.719469, 118
1605443062.732900, 118
1605443062.747506, 119
1605443062.760898, 119
1605443062.774298, 119
1605443062.795364, 119
1605443062.808358, 119
1605443062.821579, 119
1605443062.839230, 119
1605443062.854300, 119
1605443062.868802, 118
1605443062.883048, 119
1605443062.897735, 119
1605443062.911213, 118
1605443062.924785, 118
1605443062.940062, 119
1605443062.953521, 118
1605443062.973044, 117
1605443062.989292, 118
1605443063.004412, 118
1605443063.018515, 117
1605443063.032458, 117
1605443063.047987, 118
1605443063.061998, 118
1605443063.076139, 118
1605443063.094058, 120
1605443063.107652, 120
1605443063.120869, 120
1605443063.137989, 119
1605443063.151772, 119
1605443063.165133, 119
1605443063.179725, 120
1605443063.195708, 120
1605443063.209144, 119
1605443063.224522, 119
1605443063.238756, 120
1605443063.253429, 119
1605443063.266899, 119
1605443063.280294, 118
1605443063.294659, 120
1605443063.308748, 120
1605443063.324875, 120
1605443063.338733, 120
1605443063.353200, 120
1605443063.367068, 118
1605443063.384960, 119
1605443063.398467, 118
1605443063.413537, 118
1605443063.428030, 119
1605443063.443295, 119
1605443063.456834, 119
1605443063.475956, 118
1605443063.490213, 120
1605443063.506833, 120
1605443063.521078, 119
1605443063.534793, 121
1605443063.550293, 119
1605443063.564706, 121
1605443063.578446, 121
1605443063.592056, 120
1605443063.607126, 120
1605443063.623368, 120
1605443063.637539, 121
1605443063.652360, 120
1605443063.666670, 120
1605443063.680820, 119
1605443063.698715, 121
1605443063.712061, 120
1605443063.726066, 119
1605443063.741244, 120
1605443063.755509, 120
1605443063.770144, 119
1605443063.784056, 120
1605443063.807048, 120
1605443063.821990, 118
1605443063.836995, 119
1605443063.854015, 120
1605443063.868898, 120
1605443063.884988, 119
1605443063.903637, 121
1605443063.921011, 120
1605443063.934561, 121
1605443063.950422, 120
1605443063.964177, 121
1605443063.979024, 120
1605443063.998201, 121
1605443064.014545, 120
1605443064.029427, 121
1605443064.047845, 121
1605443064.067122, 121
1605443064.085976, 121
1605443064.102085, 121
1605443064.115429, 122
1605443064.128813, 121
1605443064.146286, 122
1605443064.162852, 121
1605443064.177811, 121
1605443064.191148, 121
1605443064.205801, 121
1605443064.220128, 120
1605443064.235747, 119
1605443064.250125, 120
1605443064.264106, 120
1605443064.278130, 120
1605443064.295881, 120
1605443064.309885, 120
1605443064.325610, 121
1605443064.339657, 120
1605443064.353032, 122
1605443064.371023, 121
1605443064.388195, 121
1605443064.402436, 122
1605443064.415960, 122
1605443064.430034, 121
1605443064.443207, 122
1605443064.456294, 121
1605443064.471747, 122
1605443064.485467, 121
1605443064.499763, 122
1605443064.513671, 122
1605443064.527660, 121
1605443064.540994, 121
1605443064.555533, 122
1605443064.569725, 122
1605443064.585183, 121
1605443064.600559, 121
1605443064.614761, 120
1605443064.630688, 121
1605443064.646881, 121
1605443064.660741, 121
1605443064.674573, 121
1605443064.688646, 121
1605443064.701778, 121
1605443064.717667, 121
1605443064.738996, 122
1605443064.760873, 123
1605443064.778565, 122
1605443064.792564, 121
1605443064.807160, 122
1605443064.820632, 122
1605443064.835068, 122
1605443064.849413, 123
1605443064.863208, 122
1605443064.881379, 122
1605443064.897571, 122
1605443064.910861, 123
1605443064.925334, 122
1605443064.938772, 122
1605443064.952453, 122
1605443064.969046, 122
1605443064.982914, 121
1605443064.996310, 122
1605443065.012024, 123
1605443065.025507, 122
1605443065.040975, 121
1605443065.057286, 122
1605443065.071090, 121
1605443065.084831, 121
1605443065.100286, 122
1605443065.113808, 121
1605443065.129453, 121
1605443065.145951, 122
1605443065.159634, 123
1605443065.172951, 122
1605443065.188983, 123
1605443065.203056, 123
1605443065.218584, 122
1605443065.236125, 123
1605443065.249812, 122
1605443065.262648, 122
1605443065.280107, 122
1605443065.294701, 124
1605443065.309052, 124
1605443065.325282, 123
1605443065.342428, 124
1605443065.356531, 123
1605443065.370000, 122
1605443065.385365, 122
1605443065.398681, 123
1605443065.416671, 123
1605443065.431917, 122
1605443065.445707, 121
1605443065.458709, 122
1605443065.479491, 122
1605443065.495063, 121
1605443065.512058, 122
1605443065.527990, 122
1605443065.543839, 121
1605443065.559599, 122
1605443065.572803, 123
1605443065.594988, 123
1605443065.616392, 124
1605443065.636356, 123
1605443065.654626, 124
1605443065.668395, 123
1605443065.682289, 124
1605443065.698984, 123
1605443065.713982, 123
1605443065.727188, 123
1605443065.743701, 123
1605443065.758571, 124
1605443065.772177, 124
1605443065.787022, 124
1605443065.800300, 123
1605443065.814899, 121
1605443065.828447, 123
1605443065.843298, 123
1605443065.857674, 122
1605443065.871304, 123
1605443065.894368, 124
1605443065.915067, 123
1605443065.929473, 123
1605443065.942809, 122
1605443065.957493, 124
1605443065.971709, 123
1605443065.985124, 124
1605443066.006296, 125
1605443066.020712, 124
1605443066.037269, 124
1605443066.050229, 125
1605443066.071189, 124
1605443066.085091, 124
1605443066.099243, 124
1605443066.112669, 124
1605443066.128303, 123
1605443066.143394, 124
1605443066.157029, 124
1605443066.170458, 124
1605443066.187843, 125
1605443066.201594, 125
1605443066.217478, 125
1605443066.230887, 125
1605443066.244764, 124
1605443066.258765, 124
1605443066.272264, 125
1605443066.286055, 124
1605443066.312459, 123
1605443066.327090, 124
1605443066.340555, 123
1605443066.357777, 124
1605443066.372415, 123
1605443066.387057, 124
1605443066.409176, 124
1605443066.423336, 124
1605443066.437012, 124
1605443066.449885, 125
1605443066.469458, 124
1605443066.484651, 124
1605443066.498026, 125
1605443066.512028, 125
1605443066.527478, 125
1605443066.540647, 125
1605443066.553905, 124
1605443066.568765, 125
1605443066.582374, 125
1605443066.596883, 123
1605443066.611311, 125
1605443066.626485, 125
1605443066.641945, 125
1605443066.655383, 125
1605443066.668998, 125
1605443066.682416, 126
1605443066.697547, 125
1605443066.711627, 124
1605443066.725115, 124
1605443066.738573, 125
1605443066.751998, 124
1605443066.766062, 123
1605443066.779614, 125
1605443066.793526, 125
1605443066.807073, 124
1605443066.824662, 126
1605443066.838168, 126
1605443066.855423, 126
1605443066.872579, 126
1605443066.890622, 126
1605443066.904441, 125
1605443066.923350, 124
1605443066.938396, 126
1605443066.953175, 126
1605443066.966935, 125
1605443066.982197, 125
1605443066.996010, 126
1605443067.009292, 126
1605443067.024068, 125
1605443067.040243, 126
1605443067.053959, 126
1605443067.067501, 126
1605443067.088517, 125
1605443067.103610, 126
1605443067.120503, 125
1605443067.134016, 125
1605443067.153768, 126
1605443067.168866, 126
1605443067.182169, 125
1605443067.195809, 124
1605443067.218784, 125
1605443067.232531, 127
1605443067.246259, 126
1605443067.263669, 127
1605443067.278667, 127
1605443067.294262, 126
1605443067.308124, 125
1605443067.329133, 126
1605443067.344369, 127
1605443067.357691, 126
1605443067.377146, 127
1605443067.399893, 126
1605443067.417405, 126
1605443067.430644, 127
1605443067.444796, 127
1605443067.459919, 126
1605443067.474305, 128
1605443067.487417, 127
1605443067.503099, 128
1605443067.518469, 127
1605443067.531927, 126
1605443067.545717, 126
1605443067.562973, 127
1605443067.576837, 127
1605443067.593073, 127
1605443067.611356, 126
1605443067.626730, 126
1605443067.642170, 127
1605443067.658149, 128
1605443067.673822, 127
1605443067.687160, 128
1605443067.705910, 126
1605443067.728525, 127
1605443067.749472, 127
1605443067.765588, 129
1605443067.779494, 128
1605443067.795870, 127
1605443067.812045, 127
1605443067.829141, 127
1605443067.842226, 127
1605443067.860114, 128
1605443067.877499, 128
1605443067.891985, 127
1605443067.905975, 127
1605443067.923858, 127
1605443067.940532, 128
1605443067.955281, 127
1605443067.968862, 126
1605443067.983604, 127
1605443067.998380, 127
1605443068.012163, 126
1605443068.025800, 126
1605443068.040411, 127
1605443068.054085, 126
1605443068.068620, 126
1605443068.084686, 127
1605443068.098155, 128
1605443068.116319, 127
1605443068.132582, 128
1605443068.146209, 127
1605443068.159926, 128
1605443068.176537, 127
1605443068.191000, 127
1605443068.204661, 128
1605443068.222264, 127
1605443068.242617, 127
1605443068.256915, 128
1605443068.270401, 128
1605443068.283808, 126
1605443068.298051, 126
1605443068.311827, 127
1605443068.326688, 127
1605443068.341438, 127
1605443068.354922, 127
1605443068.369229, 127
1605443068.383436, 127
1605443068.396938, 127
1605443068.410539, 128
1605443068.425366, 128
1605443068.438773, 127
1605443068.452579, 127
1605443068.466276, 128
1605443068.479764, 128
1605443068.496473, 128
1605443068.516894, 129
1605443068.534568, 129
1605443068.547866, 128
1605443068.561773, 128
1605443068.578186, 128
1605443068.591736, 129
1605443068.604611, 128
1605443068.622624, 128
1605443068.635648, 129
1605443068.649240, 129
1605443068.665230, 128
1605443068.679943, 128
1605443068.692711, 128
1605443068.708406, 128
1605443068.722740, 129
1605443068.736067, 128
1605443068.755172, 129
1605443068.772524, 126
1605443068.787324, 128
1605443068.802435, 128
1605443068.817659, 128
1605443068.831021, 127
1605443068.844711, 127
1605443068.859387, 127
1605443068.874439, 128
1605443068.888871, 128
1605443068.903787, 128
1605443068.917388, 129
1605443068.931926, 129
1605443068.946754, 128
1605443068.960675, 128
1605443068.979197, 129
1605443068.995326, 127
1605443069.010328, 129
1605443069.025760, 128
1605443069.040412, 129
1605443069.054448, 129
1605443069.068549, 130
1605443069.083096, 130
1605443069.097861, 129
1605443069.111549, 129
1605443069.125573, 129
1605443069.140474, 130
1605443069.156473, 129
1605443069.173299, 128
1605443069.187164, 129
1605443069.203201, 130
1605443069.220581, 129
1605443069.234703, 128
1605443069.253326, 129
1605443069.267818, 128
1605443069.282928, 128
1605443069.300135, 129
1605443069.315133, 128
1605443069.329801, 127
1605443069.344793, 127
1605443069.357942, 129
1605443069.371330, 130
1605443069.384972, 129
1605443069.399680, 129
1605443069.413118, 130
1605443069.427673, 129
1605443069.444711, 129
1605443069.459219, 130
1605443069.472006, 130
1605443069.486218, 129
1605443069.500511, 129
1605443069.513938, 129
1605443069.527539, 129
1605443069.541200, 129
1605443069.555836, 129
1605443069.571494, 129
1605443069.592560, 129
1605443069.607988, 129
1605443069.621711, 129
1605443069.634502, 129
1605443069.650469, 128
1605443069.663847, 128
1605443069.677840, 129
1605443069.691617, 130
1605443069.706813, 129
1605443069.720999, 129
1605443069.735078, 129
1605443069.753160, 129
1605443069.766563, 129
1605443069.780029, 130
1605443069.794962, 131
1605443069.808272, 131
1605443069.822018, 130
1605443069.836890, 131
1605443069.850216, 130
1605443069.863727, 129
1605443069.879950, 131
1605443069.894386, 131
1605443069.908032, 131
1605443069.924542, 130
1605443069.941198, 131
1605443069.954711, 131
1605443069.968949, 131
1605443069.984350, 130
1605443069.997980, 130
1605443070.012013, 130
1605443070.026107, 131
1605443070.040323, 131
1605443070.054225, 131
1605443070.071200, 131
1605443070.085699, 130
1605443070.100553, 129
1605443070.116273, 129
1605443070.129704, 130
1605443070.146064, 130
1605443070.161713, 131
1605443070.175507, 131
1605443070.188711, 131
1605443070.213735, 132
1605443070.235420, 132
1605443070.253783, 132
1605443070.267242, 131
1605443070.280993, 132
1605443070.297763, 131
1605443070.311604, 131
1605443070.325792, 133
1605443070.351224, 130
1605443070.365771, 132
1605443070.379140, 133
1605443070.396699, 133
1605443070.411737, 133
1605443070.426413, 131
1605443070.442898, 132
1605443070.464843, 131
1605443070.479979, 131
1605443070.493702, 132
1605443070.507513, 132
1605443070.530727, 130
1605443070.547564, 130
1605443070.561516, 130
1605443070.574939, 130
1605443070.596187, 131
1605443070.612342, 131
1605443070.627992, 131
1605443070.640924, 131
1605443070.659954, 132
1605443070.676455, 132
1605443070.689684, 131
1605443070.704205, 132
1605443070.721236, 132
1605443070.734826, 132
1605443070.750082, 131
1605443070.764745, 132
1605443070.778350, 133
1605443070.792100, 133
1605443070.807369, 132
1605443070.820708, 132
1605443070.838995, 132
1605443070.854134, 130
1605443070.867412, 130
1605443070.884048, 132
1605443070.899594, 132
1605443070.913019, 131
1605443070.929223, 132
1605443070.943987, 131
1605443070.958370, 131
1605443070.973246, 130
1605443070.988291, 131
1605443071.001830, 132
1605443071.018350, 131
1605443071.033148, 130
1605443071.046263, 131
1605443071.060120, 133
1605443071.074895, 132
1605443071.088761, 132
1605443071.102279, 131
1605443071.117016, 131
1605443071.130407, 130
1605443071.144133, 131
1605443071.158779, 133
1605443071.173118, 132
1605443071.186678, 131
1605443071.202535, 133
1605443071.215792, 132
1605443071.229319, 132
1605443071.244342, 132
1605443071.257811, 132
1605443071.271601, 132
1605443071.286374, 133
1605443071.301063, 132
1605443071.315297, 133
1605443071.334484, 132
1605443071.347794, 133
1605443071.361125, 133
1605443071.376850, 131
1605443071.391479, 131
1605443071.404599, 131
1605443071.419293, 132
1605443071.432664, 132
1605443071.446081, 131
1605443071.459364, 131
1605443071.474134, 132
1605443071.487814, 131
1605443071.504034, 132
1605443071.519397, 132
1605443071.532809, 132
1605443071.546578, 132
1605443071.562026, 133
1605443071.576553, 134
1605443071.590326, 132
1605443071.605386, 132
1605443071.619634, 132
1605443071.633588, 133
1605443071.649906, 134
1605443071.663269, 134
1605443071.676421, 133
1605443071.693488, 133
1605443071.711721, 133
1605443071.726425, 134
1605443071.739728, 133
1605443071.758046, 133
1605443071.772027, 133
1605443071.785489, 134
1605443071.801632, 134
1605443071.815742, 133
1605443071.829292, 133
1605443071.847796, 132
1605443071.861567, 132
1605443071.877162, 131
1605443071.897524, 131
1605443071.911855, 133
1605443071.925521, 133
1605443071.941193, 133
1605443071.957313, 133
1605443071.971172, 134
1605443071.984409, 134
1605443071.998581, 133
1605443072.012021, 133
1605443072.025657, 134
1605443072.040823, 133
1605443072.057728, 132
1605443072.071221, 134
1605443072.088752, 133
1605443072.109496, 133
1605443072.127473, 133
1605443072.142250, 134
1605443072.155675, 134
1605443072.174817, 134
1605443072.197956, 134
1605443072.212307, 134
1605443072.225813, 133
1605443072.241679, 133
1605443072.257909, 133
1605443072.271369, 133
1605443072.284996, 133
1605443072.300432, 133
1605443072.313802, 133
1605443072.327064, 133
1605443072.341898, 133
1605443072.357766, 134
1605443072.371281, 135
1605443072.384942, 134
1605443072.398807, 134
1605443072.412325, 135
1605443072.425695, 134
1605443072.440871, 135
1605443072.454726, 133
1605443072.468566, 134
1605443072.483430, 135
1605443072.497529, 134
1605443072.512353, 135
1605443072.527635, 135
1605443072.541097, 134
1605443072.554705, 134
1605443072.569384, 135
1605443072.582975, 135
1605443072.599662, 135
1605443072.616026, 134
1605443072.631094, 135
1605443072.644952, 135
1605443072.662511, 134
1605443072.680148, 135
1605443072.694710, 133
1605443072.710442, 134
1605443072.724955, 134
1605443072.738588, 134
1605443072.755576, 134
1605443072.770587, 134
1605443072.784159, 134
1605443072.798295, 134
1605443072.812625, 134
1605443072.828652, 134
1605443072.842212, 136
1605443072.855785, 136
1605443072.870696, 136
1605443072.884185, 136
1605443072.900532, 135
1605443072.916613, 135
1605443072.931546, 135
1605443072.944507, 134
1605443072.958426, 135
1605443072.973184, 135
1605443072.987336, 136
1605443073.001483, 135
1605443073.016129, 136
1605443073.030143, 136
1605443073.043955, 135
1605443073.058844, 136
1605443073.072087, 135
1605443073.086582, 136
1605443073.101400, 136
1605443073.114593, 135
1605443073.128030, 136
1605443073.142981, 134
1605443073.156499, 134
1605443073.171513, 134
1605443073.187282, 133
1605443073.200412, 133
1605443073.214525, 132
1605443073.229317, 135
1605443073.242659, 135
1605443073.257268, 135
1605443073.273082, 135
1605443073.286236, 135
1605443073.304007, 135
1605443073.320267, 135
1605443073.334515, 135
1605443073.348006, 136
1605443073.361889, 136
1605443073.376235, 135
1605443073.390369, 135
1605443073.406199, 135
1605443073.419776, 136
1605443073.432981, 135
1605443073.448596, 135
1605443073.461722, 135
1605443073.475657, 135
1605443073.492680, 137
1605443073.506162, 135
1605443073.523917, 135
1605443073.539423, 136
1605443073.553545, 136
1605443073.568418, 136
1605443073.589981, 135
1605443073.603984, 135
1605443073.617356, 135
1605443073.634136, 135
1605443073.649059, 134
1605443073.662804, 135
1605443073.676771, 135
1605443073.693361, 136
1605443073.706433, 136
1605443073.719816, 136
1605443073.734599, 137
1605443073.749533, 137
1605443073.762727, 136
1605443073.776928, 135
1605443073.791496, 137
1605443073.804883, 137
1605443073.822326, 136
1605443073.836657, 137
1605443073.851343, 137
1605443073.865205, 137
1605443073.881502, 136
1605443073.895317, 137
1605443073.908768, 137
1605443073.923246, 137
1605443073.937176, 136
1605443073.952174, 135
1605443073.972648, 135
1605443073.986770, 137
1605443074.000355, 136
1605443074.016039, 136
1605443074.029678, 137
1605443074.043260, 135
1605443074.060762, 136
1605443074.075097, 137
1605443074.095066, 136
1605443074.109432, 137
1605443074.128197, 135
1605443074.143466, 135
1605443074.160153, 137
1605443074.175338, 137
1605443074.189938, 137
1605443074.204237, 137
1605443074.217710, 137
1605443074.237163, 137
1605443074.252631, 137
1605443074.266703, 136
1605443074.280062, 138
1605443074.296591, 136
1605443074.310987, 137
1605443074.323896, 137
1605443074.339075, 137
1605443074.353594, 138
1605443074.368182, 138
1605443074.382338, 136
1605443074.397780, 138
1605443074.411554, 138
1605443074.426205, 137
1605443074.440775, 137
1605443074.455240, 137
1605443074.468792, 138
1605443074.482938, 137
1605443074.502843, 137
1605443074.516707, 136
1605443074.531874, 136
1605443074.546241, 136
1605443074.559313, 136
1605443074.577608, 136
1605443074.591665, 137
1605443074.605020, 138
1605443074.618727, 137
1605443074.633971, 137
1605443074.647569, 138
1605443074.662983, 137
1605443074.676304, 138
1605443074.691496, 138
1605443074.707031, 138
1605443074.720348, 138
1605443074.734245, 137
1605443074.750835, 137
1605443074.765369, 138
1605443074.778272, 138
1605443074.796599, 138
1605443074.811277, 138
1605443074.824657, 138
1605443074.838732, 137
1605443074.853477, 137
1605443074.866645, 137
1605443074.881278, 138
1605443074.895749, 138
1605443074.910058, 137
1605443074.923340, 137
1605443074.937725, 137
1605443074.951381, 137
1605443074.964816, 136
1605443074.978249, 137
1605443074.991507, 137
1605443075.005078, 137
1605443075.020064, 137
1605443075.040138, 138
1605443075.053894, 139
1605443075.068511, 138
1605443075.081894, 139
1605443075.095012, 139
1605443075.109636, 139
1605443075.126862, 139
1605443075.142810, 138
1605443075.159936, 137
1605443075.176297, 138
1605443075.189827, 138
1605443075.208041, 138
1605443075.222483, 139
1605443075.242854, 138
1605443075.257900, 137
1605443075.271875, 138
1605443075.295008, 137
1605443075.309979, 137
1605443075.325757, 138
1605443075.340468, 139
1605443075.353817, 138
1605443075.366974, 138
1605443075.388444, 138
1605443075.405802, 137
1605443075.419630, 138
1605443075.433596, 138
1605443075.450235, 138
1605443075.466150, 138
1605443075.480177, 138
1605443075.497032, 139
1605443075.512258, 139
1605443075.528314, 140
1605443075.548557, 139
1605443075.564358, 139
1605443075.580520, 139
1605443075.604345, 138
1605443075.625045, 139
1605443075.638446, 139
1605443075.662527, 138
1605443075.676167, 139
1605443075.690972, 138
1605443075.706077, 139
1605443075.723287, 140
1605443075.736594, 140
1605443075.751640, 138
1605443075.771209, 140
1605443075.784797, 139
1605443075.808713, 137
1605443075.829367, 139
1605443075.843583, 139
1605443075.857270, 138
1605443075.876944, 138
1605443075.892335, 138
1605443075.907417, 138
1605443075.921776, 138
1605443075.938952, 140
1605443075.952818, 139
1605443075.975827, 139
1605443076.000688, 140
1605443076.017289, 140
1605443076.036256, 139
1605443076.050696, 140
1605443076.064048, 140
1605443076.080556, 140
1605443076.097065, 139
1605443076.117509, 139
1605443076.138648, 140
1605443076.153100, 140
1605443076.169230, 140
1605443076.183705, 141
1605443076.206523, 139
1605443076.219626, 140
1605443076.232296, 140
1605443076.246086, 140
1605443076.262947, 139
1605443076.277114, 138
1605443076.294598, 138
1605443076.310005, 139
1605443076.323960, 138
1605443076.345432, 140
1605443076.358853, 139
1605443076.373286, 139
1605443076.388818, 139
1605443076.407441, 140
1605443076.422870, 141
1605443076.438239, 141
1605443076.451384, 141
1605443076.464240, 140
1605443076.478070, 141
1605443076.497181, 140
1605443076.511062, 141
1605443076.524524, 140
1605443076.539306, 141
1605443076.559820, 141
1605443076.580461, 140
1605443076.594663, 140
1605443076.608655, 140
1605443076.621604, 141
1605443076.634802, 140
1605443076.647726, 140
1605443076.660470, 141
1605443076.677113, 139
1605443076.690226, 140
1605443076.703523, 141
1605443076.717212, 141
1605443076.731837, 140
1605443076.745040, 139
1605443076.759319, 139
1605443076.775003, 140
1605443076.790370, 140
1605443076.804356, 140
1605443076.829124, 139
1605443076.843958, 141
1605443076.858093, 140
1605443076.874157, 140
1605443076.891342, 141
1605443076.905660, 141
1605443076.919156, 140
1605443076.936944, 141
1605443076.952545, 141
1605443076.966797, 140
1605443076.980843, 141
1605443076.996710, 142
1605443077.011008, 141
1605443077.026031, 141
1605443077.040625, 141
1605443077.055928, 142
1605443077.069582, 141
1605443077.083915, 141
1605443077.097743, 142
1605443077.111676, 142
1605443077.125252, 141
1605443077.140636, 142
1605443077.154156, 142
1605443077.167865, 141
1605443077.182321, 140
1605443077.196246, 141
1605443077.210382, 141
1605443077.224267, 140
1605443077.237638, 141
1605443077.251502, 141
1605443077.266839, 141
1605443077.280989, 140
1605443077.294366, 140
1605443077.308029, 142
1605443077.322689, 141
1605443077.337023, 142
1605443077.352784, 142
1605443077.366015, 141
1605443077.380445, 142
1605443077.395421, 141
1605443077.408948, 142
1605443077.423159, 142
1605443077.439979, 141
1605443077.454497, 142
1605443077.470685, 142
1605443077.492008, 141
1605443077.505947, 142
1605443077.520202, 141
1605443077.534265, 142
1605443077.549394, 142
1605443077.563332, 141
1605443077.578052, 141
1605443077.595335, 143
1605443077.609876, 142
1605443077.623204, 141
1605443077.637496, 141
1605443077.650923, 142
1605443077.664304, 141
1605443077.678305, 141
1605443077.696002, 141
1605443077.709957, 142
1605443077.724922, 141
1605443077.742190, 141
1605443077.756698, 143
1605443077.770520, 143
1605443077.785344, 141
1605443077.799099, 140
1605443077.813718, 143
1605443077.827924, 142
1605443077.842793, 142
1605443077.856543, 143
1605443077.870234, 142
1605443077.885805, 142
1605443077.899724, 143
1605443077.913696, 142
1605443077.928117, 143
1605443077.944208, 142
1605443077.959529, 143
1605443077.974045, 143
1605443077.987453, 142
1605443078.000799, 142
1605443078.014480, 143
1605443078.028701, 143
1605443078.048439, 142
1605443078.069386, 142
1605443078.085927, 143
1605443078.101538, 142
1605443078.115670, 142
1605443078.129293, 142
1605443078.152132, 143
1605443078.174882, 142
1605443078.192404, 142
1605443078.212078, 143
1605443078.230470, 142
1605443078.246737, 143
1605443078.265715, 143
1605443078.281054, 143
1605443078.302349, 142
1605443078.321658, 141
1605443078.336711, 142
1605443078.350048, 143
1605443078.364065, 143
1605443078.377328, 143
1605443078.390668, 142
1605443078.404431, 143
1605443078.417883, 143
1605443078.431869, 143
1605443078.446136, 143
1605443078.459694, 143
1605443078.473491, 143
1605443078.490891, 143
1605443078.506021, 143
1605443078.520007, 143
1605443078.536643, 143
1605443078.550030, 143
1605443078.563733, 142
1605443078.580321, 143
1605443078.598902, 142
1605443078.612060, 142
1605443078.625419, 142
1605443078.644652, 143
1605443078.658547, 142
1605443078.674435, 143
1605443078.689735, 143
1605443078.704500, 143
1605443078.717769, 143
1605443078.732113, 143
1605443078.746657, 143
1605443078.761420, 143
1605443078.774861, 144
1605443078.792595, 144
1605443078.807180, 143
1605443078.821550, 143
1605443078.836117, 144
1605443078.852032, 143
1605443078.865047, 144
1605443078.880627, 142
1605443078.896166, 144
1605443078.910487, 145
1605443078.924064, 145
1605443078.937670, 144
1605443078.951042, 144
1605443078.964980, 144
1605443078.983263, 143
1605443078.996244, 144
1605443079.009552, 143
1605443079.024966, 143
1605443079.038213, 143
1605443079.051763, 142
1605443079.065501, 143
1605443079.079701, 144
1605443079.094381, 143
1605443079.110686, 143
1605443079.124170, 142
1605443079.137822, 144
1605443079.151940, 144
1605443079.169441, 144
1605443079.182815, 144
1605443079.196313, 143
1605443079.210061, 144
1605443079.223721, 144
1605443079.237230, 145
1605443079.251610, 144
1605443079.264840, 144
1605443079.278141, 144
1605443079.293416, 145
1605443079.308350, 144
1605443079.321906, 144
1605443079.336988, 144
1605443079.350764, 145
1605443079.364393, 144
1605443079.379510, 144
1605443079.394771, 144
1605443079.408911, 145
1605443079.425913, 144
1605443079.439080, 144
1605443079.452716, 144
1605443079.470853, 144
1605443079.485466, 144
1605443079.499145, 144
1605443079.513475, 143
1605443079.528104, 144
1605443079.541575, 143
1605443079.555213, 143
1605443079.570761, 144
1605443079.587952, 144
1605443079.601397, 145
1605443079.621543, 146
1605443079.637234, 146
1605443079.651503, 144
1605443079.666672, 145
1605443079.681014, 146
1605443079.695061, 145
1605443079.709240, 145
1605443079.725874, 143
1605443079.739217, 146
1605443079.753113, 145
1605443079.766942, 145
1605443079.781677, 146
1605443079.795483, 145
1605443079.811755, 145
1605443079.826696, 145
1605443079.843348, 146
1605443079.860077, 144
1605443079.880308, 144
1605443079.897440, 146
1605443079.912670, 146
1605443079.926413, 145
1605443079.940721, 146
1605443079.955149, 145
1605443079.968589, 144
1605443079.982418, 145
1605443079.997291, 145
1605443080.012271, 144
1605443080.025689, 144
1605443080.041967, 145
1605443080.055779, 144
1605443080.072611, 145
1605443080.091981, 146
1605443080.106407, 146
1605443080.119830, 146
1605443080.133271, 145
1605443080.147633, 146
1605443080.160978, 146
1605443080.178533, 146
1605443080.195197, 144
1605443080.212187, 146
1605443080.225694, 146
1605443080.239517, 144
1605443080.254100, 146
1605443080.267704, 145
1605443080.281411, 145
1605443080.296055, 145
1605443080.310417, 146
1605443080.324717, 146
1605443080.343147, 146
1605443080.358067, 146
1605443080.371222, 146
1605443080.384640, 146
1605443080.399386, 148
1605443080.414196, 145
1605443080.428604, 144
1605443080.443070, 146
1605443080.456371, 145
1605443080.472859, 145
1605443080.486523, 145
1605443080.505623, 145
1605443080.519286, 146
1605443080.534425, 145
1605443080.549010, 147
1605443080.563742, 146
1605443080.578793, 146
1605443080.594964, 145
1605443080.608170, 147
1605443080.625328, 146
1605443080.641630, 146
1605443080.654769, 147
1605443080.668550, 144
1605443080.682284, 146
1605443080.696460, 147
1605443080.713472, 147
1605443080.728812, 146
1605443080.742741, 146
1605443080.760414, 147
1605443080.775793, 147
1605443080.791135, 146
1605443080.806810, 147
1605443080.820591, 146
1605443080.834181, 147
1605443080.847576, 147
1605443080.860973, 147
1605443080.875311, 147
1605443080.889644, 146
1605443080.903793, 145
1605443080.921259, 146
1605443080.934632, 145
1605443080.948025, 145
1605443080.962638, 145
1605443080.976458, 146
1605443080.989908, 146
1605443081.005862, 145
1605443081.020273, 147
1605443081.037886, 148
1605443081.052591, 147
1605443081.066742, 147
1605443081.080855, 148
1605443081.108914, 148
1605443081.123016, 147
1605443081.136474, 147
1605443081.150246, 148
1605443081.165597, 148
1605443081.179562, 147
1605443081.193611, 147
1605443081.210171, 148
1605443081.224286, 147
1605443081.237864, 147
1605443081.252427, 147
1605443081.267333, 148
1605443081.281916, 147
1605443081.295758, 147
1605443081.313744, 147
1605443081.327814, 148
1605443081.341059, 147
1605443081.355623, 145
1605443081.369225, 147
1605443081.383004, 147
1605443081.396524, 146
1605443081.410379, 146
1605443081.426066, 147
1605443081.440492, 147
1605443081.454519, 147
1605443081.470407, 148
1605443081.487767, 147
1605443081.502974, 147
1605443081.517495, 147
1605443081.530934, 147
1605443081.547602, 147
1605443081.561536, 147
1605443081.575616, 147
1605443081.597969, 148
1605443081.612963, 147
1605443081.626554, 148
1605443081.640951, 148
1605443081.656423, 148
1605443081.674524, 148
1605443081.688448, 148
1605443081.702970, 148
1605443081.718360, 147
1605443081.731792, 148
1605443081.749922, 149
1605443081.764355, 149
1605443081.777487, 148
1605443081.792937, 147
1605443081.807411, 148
1605443081.820184, 148
1605443081.834082, 147
1605443081.847735, 147
1605443081.861056, 148
1605443081.875116, 145
1605443081.892405, 147
1605443081.906789, 147
1605443081.925719, 148
1605443081.940083, 147
1605443081.953517, 148
1605443081.968440, 149
1605443081.982074, 149
1605443081.997385, 148
1605443082.013566, 147
1605443082.029651, 149
1605443082.043014, 148
1605443082.060459, 148
1605443082.075917, 149
1605443082.091266, 148
1605443082.104815, 148
1605443082.118331, 146
1605443082.131861, 149
1605443082.146514, 149
1605443082.160432, 148
1605443082.176505, 149
1605443082.190965, 148
1605443082.204943, 148
1605443082.219351, 149
1605443082.233176, 148
1605443082.246789, 148
1605443082.261694, 148
1605443082.275061, 149
1605443082.288383, 147
1605443082.304698, 147
1605443082.318346, 148
1605443082.331905, 145
1605443082.345482, 148
1605443082.359325, 148
1605443082.373904, 147
1605443082.389164, 147
1605443082.404087, 147
1605443082.417268, 147
1605443082.432627, 148
1605443082.448489, 149
1605443082.461753, 149
1605443082.475719, 149
1605443082.490489, 149
1605443082.504081, 149
1605443082.518378, 150
1605443082.532784, 149
1605443082.546046, 149
1605443082.561489, 150
1605443082.578586, 150
1605443082.592179, 150
1605443082.605584, 150
1605443082.620613, 151
1605443082.634253, 150
1605443082.648259, 150
1605443082.664055, 149
1605443082.678222, 151
1605443082.696592, 149
1605443082.714515, 150
1605443082.738053, 149
1605443082.752428, 151
1605443082.766580, 149
1605443082.780318, 150
1605443082.795888, 150
1605443082.810911, 149
1605443082.824296, 149
1605443082.840741, 150
1605443082.855427, 149
1605443082.868880, 149
1605443082.882784, 150
1605443082.898264, 151
1605443082.911820, 151
1605443082.925366, 150
1605443082.940120, 149
1605443082.953478, 150
1605443082.969297, 149
1605443082.984328, 148
1605443082.999257, 150
1605443083.012407, 149
1605443083.027754, 149
1605443083.041498, 148
1605443083.055818, 149
1605443083.068927, 149
1605443083.083299, 149
1605443083.097565, 149
1605443083.113594, 150
1605443083.129090, 150
1605443083.143850, 148
1605443083.158244, 150
1605443083.171267, 150
1605443083.190410, 150
1605443083.203969, 149
1605443083.219140, 150
1605443083.235567, 151
1605443083.251437, 149
1605443083.266475, 148
1605443083.282695, 150
1605443083.301818, 150
1605443083.316493, 149
1605443083.335449, 149
1605443083.351898, 149
1605443083.366384, 150
1605443083.379042, 150
1605443083.392652, 150
1605443083.408731, 151
1605443083.422358, 150
1605443083.438030, 150
1605443083.451362, 150
1605443083.464185, 151
1605443083.480379, 150
1605443083.495054, 149
1605443083.508767, 150
1605443083.522575, 151
1605443083.537583, 150
1605443083.552333, 150
1605443083.567950, 151
1605443083.584495, 150
1605443083.598910, 150
1605443083.612461, 150
1605443083.627287, 151
1605443083.641514, 150
1605443083.654963, 150
1605443083.669943, 149
1605443083.684804, 151
1605443083.702596, 150
1605443083.715715, 150
1605443083.737304, 150
1605443083.752295, 149
1605443083.765773, 151
1605443083.779550, 150
1605443083.796590, 150
1605443083.809599, 149
1605443083.825613, 150
1605443083.839229, 150
1605443083.852671, 151
1605443083.867684, 150
1605443083.880724, 149
1605443083.893909, 151
1605443083.910313, 150
1605443083.926287, 149
1605443083.940518, 150
1605443083.954252, 151
1605443083.967765, 150
1605443083.981209, 151
1605443083.995486, 152
1605443084.009026, 152
1605443084.023472, 151
1605443084.039497, 150
1605443084.052867, 152
1605443084.067220, 152
1605443084.081895, 151
1605443084.095287, 152
1605443084.111016, 152
1605443084.128576, 152
1605443084.142699, 151
1605443084.156794, 151
1605443084.170918, 152
1605443084.187268, 151
1605443084.201302, 151
1605443084.214971, 150
1605443084.230059, 150
1605443084.242977, 150
1605443084.257800, 150
1605443084.271188, 151
1605443084.285530, 150
1605443084.301756, 150
1605443084.316750, 151
1605443084.330858, 152
1605443084.347520, 151
1605443084.362461, 151
1605443084.376298, 152
1605443084.390091, 152
1605443084.408852, 151
1605443084.422249, 151
1605443084.435856, 152
1605443084.452275, 152
1605443084.466638, 151
1605443084.480029, 151
1605443084.498922, 152
1605443084.514219, 151
1605443084.528293, 151
1605443084.545956, 152
1605443084.561842, 152
1605443084.576263, 150
1605443084.591038, 151
1605443084.604393, 151
1605443084.618987, 152
1605443084.632746, 151
1605443084.647259, 152
1605443084.664515, 152
1605443084.677972, 152
1605443084.691193, 151
1605443084.704784, 150
1605443084.717972, 152
1605443084.733721, 151
1605443084.747259, 151
1605443084.760778, 152
1605443084.775343, 152
1605443084.792517, 151
1605443084.805582, 153
1605443084.823951, 153
1605443084.838722, 152
1605443084.852614, 152
1605443084.866386, 152
1605443084.885669, 152
1605443084.899579, 152
1605443084.912951, 152
1605443084.930319, 153
1605443084.945657, 153
1605443084.959318, 152
1605443084.976052, 152
1605443084.990999, 153
1605443085.004585, 152
1605443085.018235, 152
1605443085.033102, 153
1605443085.046663, 152
1605443085.060633, 152
1605443085.077909, 153
1605443085.092120, 152
1605443085.105995, 152
1605443085.123709, 152
1605443085.137395, 152
1605443085.155391, 152
1605443085.170585, 151
1605443085.184375, 152
1605443085.197446, 152
1605443085.212001, 151
1605443085.228876, 151
1605443085.242144, 152
1605443085.255775, 152
1605443085.277583, 151
1605443085.300609, 153
1605443085.314441, 153
1605443085.327833, 152
1605443085.347494, 153
1605443085.369596, 153
1605443085.387040, 152
1605443085.405063, 151
1605443085.419123, 153
1605443085.436966, 152
1605443085.452520, 152
1605443085.466740, 153
1605443085.480413, 154
1605443085.495801, 154
1605443085.510169, 154
1605443085.523914, 154
1605443085.538163, 154
1605443085.552711, 153
1605443085.566975, 153
1605443085.581199, 154
1605443085.596917, 153
1605443085.610704, 153
1605443085.624523, 153
1605443085.641603, 153
1605443085.654945, 153
1605443085.668195, 153
1605443085.682831, 153
1605443085.697152, 153
1605443085.711356, 153
1605443085.725570, 152
1605443085.739621, 153
1605443085.753369, 152
1605443085.775993, 153
1605443085.791595, 154
1605443085.805883, 154
1605443085.820156, 153
1605443085.837867, 153
1605443085.852564, 153
1605443085.865861, 153
1605443085.880366, 154
1605443085.894965, 153
1605443085.908132, 154
1605443085.924417, 153
1605443085.939605, 153
1605443085.953044, 154
1605443085.966614, 154
1605443085.981159, 154
1605443085.994838, 153
1605443086.012556, 153
1605443086.032332, 153
1605443086.048896, 153
1605443086.063463, 153
1605443086.076473, 153
1605443086.093729, 153
1605443086.109145, 153
1605443086.123013, 153
1605443086.138820, 153
1605443086.159722, 152
1605443086.174232, 153
1605443086.187213, 153
1605443086.201916, 153
1605443086.215217, 152
1605443086.228544, 153
1605443086.243294, 153
1605443086.257187, 155
1605443086.270909, 155
1605443086.286796, 155
1605443086.300323, 154
1605443086.314030, 155
1605443086.330247, 154
1605443086.344492, 155
1605443086.357979, 154
1605443086.371521, 154
1605443086.385719, 154
1605443086.399700, 154
1605443086.413157, 155
1605443086.426961, 155
1605443086.440517, 155
1605443086.456354, 154
1605443086.471037, 155
1605443086.484348, 154
1605443086.502320, 154
1605443086.518551, 154
1605443086.533314, 155
1605443086.546949, 154
1605443086.560979, 154
1605443086.575941, 155
1605443086.589063, 155
1605443086.604340, 154
1605443086.619536, 155
1605443086.634093, 154
1605443086.648734, 153
1605443086.663978, 154
1605443086.677395, 154
1605443086.691284, 154
1605443086.706165, 153
1605443086.720120, 153
1605443086.739839, 155
1605443086.757331, 155
1605443086.770479, 155
1605443086.783972, 155
1605443086.799511, 154
1605443086.814290, 153
1605443086.827186, 155
1605443086.841594, 155
1605443086.858527, 154
1605443086.871930, 154
1605443086.887308, 154
1605443086.903706, 154
1605443086.918474, 155
1605443086.932474, 154
1605443086.946370, 154
1605443086.960984, 155
1605443086.974197, 154
1605443086.987790, 154
1605443087.002411, 156
1605443087.016776, 156
1605443087.030425, 155
1605443087.046949, 156
1605443087.060374, 156
1605443087.074051, 156
1605443087.088479, 156
1605443087.102420, 156
1605443087.120192, 153
1605443087.135018, 154
1605443087.149397, 153
1605443087.162547, 154
1605443087.179323, 154
1605443087.194207, 154
1605443087.207825, 153
1605443087.221397, 155
1605443087.237322, 156
1605443087.250485, 155
1605443087.267786, 156
1605443087.281737, 155
1605443087.295576, 156
1605443087.311123, 155
1605443087.325780, 156
1605443087.339106, 156
1605443087.353756, 156
1605443087.367150, 155
1605443087.380640, 156
1605443087.400422, 155
1605443087.414851, 155
1605443087.427657, 155
1605443087.441621, 155
1605443087.456196, 156
1605443087.469277, 156
1605443087.483404, 155
1605443087.498377, 156
1605443087.512318, 156
1605443087.528958, 155
1605443087.543989, 156
1605443087.560674, 156
1605443087.573739, 155
1605443087.588491, 156
1605443087.607546, 155
1605443087.621345, 155
1605443087.635276, 154
1605443087.650869, 155
1605443087.664779, 155
1605443087.678450, 155
1605443087.693229, 155
1605443087.706600, 155
1605443087.720761, 156
1605443087.734662, 156
1605443087.748465, 155
1605443087.763295, 157
1605443087.779983, 157
1605443087.793452, 156
1605443087.807381, 157
1605443087.822325, 157
1605443087.835845, 157
1605443087.849516, 157
1605443087.865396, 156
1605443087.880033, 157
1605443087.894031, 157
1605443087.908586, 157
1605443087.922187, 157
1605443087.935551, 157
1605443087.950983, 156
1605443087.966447, 156
1605443087.979947, 156
1605443087.998418, 156
1605443088.013075, 156
1605443088.026865, 155
1605443088.040330, 156
1605443088.055738, 156
1605443088.069160, 156
1605443088.083793, 157
1605443088.099361, 156
1605443088.112782, 155
1605443088.126303, 155
1605443088.140452, 156
1605443088.157053, 154
1605443088.172321, 155
1605443088.188452, 156
1605443088.202216, 156
1605443088.215707, 156
1605443088.231027, 155
1605443088.246925, 157
1605443088.263140, 156
1605443088.276758, 157
1605443088.290721, 155
1605443088.303793, 157
1605443088.321804, 156
1605443088.335934, 156
1605443088.349126, 156
1605443088.362323, 156
1605443088.377480, 157
1605443088.391901, 157
1605443088.404946, 158
1605443088.418769, 157
1605443088.433232, 157
1605443088.446459, 156
1605443088.460717, 157
1605443088.475788, 157
1605443088.489939, 156
1605443088.503619, 156
1605443088.519803, 157
1605443088.534540, 157
1605443088.548710, 157
1605443088.563291, 157
1605443088.577108, 158
1605443088.590298, 156
1605443088.606496, 156
1605443088.621186, 157
1605443088.634878, 156
1605443088.650440, 156
1605443088.664479, 156
1605443088.677750, 156
1605443088.692954, 156
1605443088.707209, 157
1605443088.721828, 157
1605443088.737960, 156
1605443088.752860, 158
1605443088.765975, 158
1605443088.780427, 157
1605443088.794098, 156
1605443088.807585, 155
1605443088.822542, 158
1605443088.836723, 157
1605443088.851933, 157
1605443088.866501, 158
1605443088.879944, 158
1605443088.894089, 158
1605443088.907894, 158
1605443088.922328, 157
1605443088.935712, 157
1605443088.953229, 157
1605443088.967928, 157
1605443088.981030, 158
1605443088.996114, 155
1605443089.010981, 157
1605443089.024776, 158
1605443089.041223, 157
1605443089.056699, 155
1605443089.072056, 158
1605443089.085392, 157
1605443089.103820, 157
1605443089.120028, 157
1605443089.134303, 157
1605443089.147439, 157
1605443089.163674, 155
1605443089.177782, 157
1605443089.191364, 157
1605443089.207435, 158
1605443089.223119, 156
1605443089.236836, 158
1605443089.253136, 158
1605443089.266884, 158
1605443089.280941, 158
1605443089.296927, 157
1605443089.311873, 158
1605443089.325803, 158
1605443089.340138, 158
1605443089.361479, 158
1605443089.385695, 158
1605443089.408276, 158
1605443089.427345, 160
1605443089.441466, 159
1605443089.455681, 159
1605443089.469986, 160
1605443089.483223, 160
1605443089.496550, 159
1605443089.511299, 160
1605443089.525466, 160
1605443089.540575, 159
1605443089.560773, 159
1605443089.578754, 158
1605443089.593451, 159
1605443089.606650, 158
1605443089.621725, 158
1605443089.638302, 159
1605443089.652532, 158
1605443089.667958, 158
1605443089.681303, 159
1605443089.694730, 160
1605443089.708765, 160
1605443089.722799, 160
1605443089.736419, 160
1605443089.760317, 160
1605443089.773836, 160
1605443089.787217, 160
1605443089.800738, 160
1605443089.815779, 159
1605443089.829996, 159
1605443089.845108, 159
1605443089.861667, 159
1605443089.874849, 158
1605443089.888243, 159
1605443089.903026, 158
1605443089.916109, 158
1605443089.931027, 159
1605443089.945870, 159
1605443089.959956, 159
1605443089.973856, 158
1605443089.990388, 157
1605443090.005401, 158
1605443090.019039, 159
1605443090.032750, 159
1605443090.046573, 159
1605443090.059867, 159
1605443090.074387, 158
1605443090.087426, 158
1605443090.101590, 158
1605443090.117029, 158
1605443090.130471, 158
1605443090.143856, 158
1605443090.157571, 158
1605443090.172251, 158
1605443090.185483, 159
1605443090.201500, 157
1605443090.214810, 159
1605443090.228848, 160
1605443090.244003, 160
1605443090.259359, 159
1605443090.272810, 158
1605443090.287994, 159
1605443090.303036, 159
1605443090.316298, 159
1605443090.329729, 160
1605443090.345701, 159
1605443090.359245, 160
1605443090.372984, 159
1605443090.386510, 160
1605443090.400363, 159
1605443090.415565, 160
1605443090.429704, 159
1605443090.443019, 159
1605443090.456924, 158
1605443090.473573, 160
1605443090.486921, 160
1605443090.500317, 160
1605443090.514436, 159
1605443090.527735, 160
1605443090.541375, 160
1605443090.554768, 159
1605443090.568569, 159
1605443090.586226, 159
1605443090.608135, 158
1605443090.623990, 159
1605443090.638271, 159
1605443090.652874, 159
1605443090.666584, 159
1605443090.681261, 158
1605443090.695946, 159
1605443090.709550, 160
1605443090.725652, 159
1605443090.740428, 160
1605443090.754024, 161
1605443090.768474, 159
1605443090.787123, 160
1605443090.800619, 160
1605443090.818763, 160
1605443090.833084, 160
1605443090.846729, 159
1605443090.862458, 160
1605443090.876316, 159
1605443090.889432, 161
1605443090.907210, 161
1605443090.921633, 161
1605443090.935008, 161
1605443090.948859, 161
1605443090.964892, 161
1605443090.978930, 161
1605443090.992794, 160
1605443091.007581, 161
1605443091.021151, 162
1605443091.035341, 160
1605443091.051924, 162
1605443091.066531, 162
1605443091.079944, 161
1605443091.093995, 161
1605443091.108717, 160
1605443091.121635, 161
1605443091.137858, 160
1605443091.155335, 160
1605443091.169115, 161
1605443091.184041, 161
1605443091.198579, 161
1605443091.212586, 162
1605443091.226966, 162
1605443091.241679, 162
1605443091.255041, 161
1605443091.268558, 161
1605443091.283261, 161
1605443091.297824, 163
1605443091.312010, 162
1605443091.325727, 161
1605443091.339181, 162
1605443091.353078, 162
1605443091.371243, 162
1605443091.386274, 162
1605443091.400452, 162
1605443091.414823, 161
1605443091.429134, 161
1605443091.442040, 160
1605443091.460308, 161
1605443091.474554, 160
1605443091.489876, 161
1605443091.504396, 161
1605443091.517912, 161
1605443091.532772, 161
1605443091.546850, 161
1605443091.560565, 161
1605443091.575514, 160
1605443091.590550, 160
1605443091.604031, 160
1605443091.626256, 159
1605443091.641265, 159
1605443091.654749, 159
1605443091.669118, 161
1605443091.682174, 160
1605443091.696277, 161
1605443091.709404, 162
1605443091.723428, 162
1605443091.736795, 161
1605443091.750215, 162
1605443091.765719, 162
1605443091.779521, 162
1605443091.799337, 159
1605443091.814362, 162
1605443091.828328, 162
1605443091.842217, 161
1605443091.857498, 162
1605443091.871724, 161
1605443091.885321, 161
1605443091.899740, 161
1605443091.913327, 162
1605443091.926742, 162
1605443091.943709, 162
1605443091.957684, 161
1605443091.972296, 161
1605443091.986997, 161
1605443092.002143, 161
1605443092.016248, 161
1605443092.029731, 162
1605443092.045347, 162
1605443092.058921, 161
1605443092.075007, 160
1605443092.089149, 162
1605443092.102245, 160
1605443092.121745, 160
1605443092.137408, 161
1605443092.150720, 161
1605443092.164639, 160
1605443092.178078, 161
1605443092.191436, 160
1605443092.209708, 162
1605443092.228880, 162
1605443092.244333, 162
1605443092.257843, 161
1605443092.271168, 162
1605443092.289054, 162
1605443092.301939, 161
1605443092.318650, 161
1605443092.333631, 162
1605443092.347585, 162
1605443092.361220, 161
1605443092.375438, 162
1605443092.388856, 162
1605443092.402644, 162
1605443092.417688, 162
1605443092.431062, 161
1605443092.444976, 162
1605443092.459859, 162
1605443092.473552, 163
1605443092.487528, 163
1605443092.503019, 163
1605443092.517006, 163
1605443092.530527, 162
1605443092.549001, 163
1605443092.562876, 162
1605443092.578893, 162
1605443092.593999, 161
1605443092.609814, 161
1605443092.623833, 160
1605443092.637272, 162
1605443092.652858, 162
1605443092.666441, 161
1605443092.679911, 160
1605443092.694781, 162
1605443092.708896, 163
1605443092.722642, 162
1605443092.737807, 163
1605443092.751291, 162
1605443092.764648, 162
1605443092.779070, 162
1605443092.794868, 163
1605443092.808517, 163
1605443092.823103, 162
1605443092.837473, 163
1605443092.851005, 163
1605443092.864832, 163
1605443092.878881, 162
1605443092.892624, 163
1605443092.907276, 163
1605443092.920608, 163
1605443092.934065, 164
1605443092.948766, 163
1605443092.963159, 163
1605443092.978581, 161
1605443092.994700, 163
1605443093.008710, 163
1605443093.021975, 163
1605443093.035970, 163
1605443093.050382, 164
1605443093.064010, 163
1605443093.077945, 163
1605443093.093419, 162
1605443093.106592, 162
1605443093.128152, 163
1605443093.148387, 161
1605443093.162893, 162
1605443093.177440, 162
1605443093.191455, 162
1605443093.205781, 161
1605443093.218739, 163
1605443093.232473, 163
1605443093.246845, 163
1605443093.261355, 162
1605443093.277145, 162
1605443093.296958, 164
1605443093.311404, 163
1605443093.325003, 163
1605443093.338985, 163
1605443093.352997, 163
1605443093.366989, 163
1605443093.382082, 164
1605443093.395385, 163
1605443093.410288, 164
1605443093.425379, 164
1605443093.439349, 163
1605443093.453102, 164
1605443093.468103, 164
1605443093.481523, 164
1605443093.497134, 164
1605443093.513268, 164
1605443093.527883, 164
1605443093.541659, 163
1605443093.555034, 163
1605443093.571373, 163
1605443093.584663, 164
1605443093.598090, 162
1605443093.612044, 162
1605443093.631940, 163
1605443093.647068, 163
1605443093.663164, 162
1605443093.678300, 161
1605443093.692270, 163
1605443093.707985, 163
1605443093.724945, 163
1605443093.740679, 164
1605443093.754780, 164
1605443093.769700, 164
1605443093.783277, 164
1605443093.802887, 164
1605443093.819158, 165
1605443093.832430, 164
1605443093.846993, 163
1605443093.862180, 164
1605443093.876079, 165
1605443093.889430, 164
1605443093.904380, 164
1605443093.918033, 164
1605443093.933380, 162
1605443093.948324, 163
1605443093.962162, 163
1605443093.975719, 163
1605443093.991265, 164
1605443094.006250, 164
1605443094.020092, 163
1605443094.038659, 164
1605443094.052424, 164
1605443094.065851, 164
1605443094.082426, 164
1605443094.097760, 164
1605443094.111017, 165
1605443094.124485, 163
1605443094.138909, 164
1605443094.152978, 163
1605443094.167215, 164
1605443094.182228, 164
1605443094.195928, 165
1605443094.210330, 163
1605443094.230531, 164
1605443094.245104, 164
1605443094.258169, 164
1605443094.276927, 165
1605443094.291705, 165
1605443094.305213, 165
1605443094.319865, 164
1605443094.335868, 165
1605443094.349213, 165
1605443094.365933, 165
1605443094.381051, 164
1605443094.396380, 165
1605443094.411635, 165
1605443094.427641, 164
1605443094.442607, 165
1605443094.455988, 165
1605443094.472778, 164
1605443094.494246, 164
1605443094.512668, 164
1605443094.527809, 166
1605443094.542439, 165
1605443094.556316, 165
1605443094.571145, 165
1605443094.584684, 166
1605443094.598433, 165
1605443094.622156, 165
1605443094.638966, 165
1605443094.654251, 165
1605443094.668507, 163