1605144449.775257, 0
1605144449.801587, 0
1605144449.818397, 7
1605144449.834126, 0
1605144449.849146, 6
1605144449.864742, 7
1605144449.878325, 13
1605144449.901602, 17
1605144449.915268, 20
1605144449.934399, 25
1605144449.952782, 30
1605144449.966129, 35
1605144449.979756, 37
1605144449.993974, 43
1605144450.015845, 46
1605144450.030376, 51
1605144450.048828, 55
1605144450.062785, 59
1605144450.076279, 62
1605144450.097760, 69
1605144450.112237, 71
1605144450.125741, 74
1605144450.139918, 85
1605144450.174288, 92
1605144450.190971, 96
1605144450.205228, 100
1605144450.218857, 100
1605144450.232441, 100
1605144450.246807, 100
1605144450.260579, 100
1605144450.274609, 100
1605144450.288609, 99
1605144450.302325, 100
1605144450.316043, 99
1605144450.331171, 100
1605144450.344922, 100
1605144450.358853, 100
1605144450.375874, 100
1605144450.390831, 100
1605144450.404322, 100
1605144450.418508, 99
1605144450.437755, 99
1605144450.452019, 100
1605144450.466182, 100
1605144450.479505, 100
1605144450.493082, 100
1605144450.506747, 99
1605144450.520119, 99
1605144450.535197, 99
1605144450.549785, 100
1605144450.566181, 100
1605144450.587438, 99
1605144450.607366, 99
1605144450.624976, 100
1605144450.638327, 100
1605144450.651748, 100
1605144450.667321, 100
1605144450.680804, 100
1605144450.694954, 99
1605144450.712433, 99
1605144450.726882, 100
1605144450.740658, 100
1605144450.754192, 99
1605144450.780119, 99
1605144450.796792, 99
1605144450.810787, 99
1605144450.825013, 99
1605144450.841106, 100
1605144450.855454, 100
1605144450.869026, 100
1605144450.884013, 100
1605144450.898415, 100
1605144450.911553, 99
1605144450.927412, 99
1605144450.942407, 99
1605144450.956611, 98
1605144450.970305, 100
1605144450.986583, 100
1605144450.999941, 99
1605144451.013470, 98
1605144451.028885, 100
1605144451.042270, 100
1605144451.055531, 100
1605144451.074244, 98
1605144451.091188, 96
1605144451.105535, 97
1605144451.120184, 99
1605144451.135952, 100
1605144451.151971, 99
1605144451.166639, 99
1605144451.180185, 98
1605144451.193840, 97
1605144451.207958, 100
1605144451.221764, 100
1605144451.235138, 100
1605144451.249152, 100
1605144451.262658, 95
1605144451.276217, 100
1605144451.289611, 99
1605144451.304152, 100
1605144451.317758, 97
1605144451.332989, 100
1605144451.346713, 100
1605144451.368276, 100
1605144451.386663, 100
1605144451.401084, 99
1605144451.414686, 98
1605144451.430016, 98
1605144451.448032, 98
1605144451.461483, 99
1605144451.475184, 99
1605144451.490652, 98
1605144451.504233, 96
1605144451.518963, 95
1605144451.532664, 96
1605144451.546055, 96
1605144451.559832, 96
1605144451.574615, 97
1605144451.587965, 97
1605144451.601715, 99
1605144451.615873, 99
1605144451.629061, 96
1605144451.643040, 97
1605144451.656755, 99
1605144451.670770, 98
1605144451.685253, 97
1605144451.701654, 96
1605144451.716544, 91
1605144451.729927, 95
1605144451.744334, 95
1605144451.758250, 98
1605144451.772580, 97
1605144451.786059, 96
1605144451.799612, 98
1605144451.812958, 98
1605144451.831345, 97
1605144451.847283, 100
1605144451.860532, 99
1605144451.874605, 99
1605144451.889260, 95
1605144451.903174, 97
1605144451.916791, 97
1605144451.933121, 96
1605144451.948421, 97
1605144451.969898, 96
1605144451.986132, 95
1605144452.002624, 95
1605144452.017916, 95
1605144452.031361, 99
1605144452.045031, 98
1605144452.060105, 95
1605144452.079059, 94
1605144452.092886, 96
1605144452.106933, 97
1605144452.124477, 96
1605144452.138369, 97
1605144452.151993, 96
1605144452.174524, 97
1605144452.191074, 98
1605144452.208689, 100
1605144452.223188, 98
1605144452.239496, 97
1605144452.254207, 93
1605144452.271051, 88
1605144452.286731, 87
1605144452.312384, 82
1605144452.337768, 77
1605144452.355675, 74
1605144452.368752, 69
1605144452.387981, 64
1605144452.401527, 61
1605144452.416320, 60
1605144452.435204, 61
1605144452.451225, 62
1605144452.466826, 62
1605144452.482133, 64
1605144452.498592, 59
1605144452.514238, 52
1605144452.535498, 45
1605144452.555367, 40
1605144452.584213, 37
1605144452.599551, 37
1605144452.612899, 35
1605144452.626780, 34
1605144452.645597, 36
1605144452.660233, 37
1605144452.673285, 37
1605144452.687148, 36
1605144452.702438, 37
1605144452.716328, 36
1605144452.730594, 37
1605144452.746649, 37
1605144452.760586, 37
1605144452.774632, 38
1605144452.789987, 37
1605144452.831557, 37
1605144452.845739, 36
1605144452.864900, 36
1605144452.881674, 37
1605144452.895044, 36
1605144452.924204, 36
1605144452.950236, 36
1605144452.967601, 37
1605144452.993990, 36
1605144453.007371, 36
1605144453.023079, 34
1605144453.045473, 35
1605144453.058954, 35
1605144453.079405, 35
1605144453.098578, 36
1605144453.111607, 37
1605144453.126521, 36
1605144453.139670, 36
1605144453.153833, 37
1605144453.168957, 38
1605144453.183124, 38
1605144453.195889, 36
1605144453.210119, 37
1605144453.224442, 37
1605144453.237597, 36
1605144453.254072, 36
1605144453.268047, 36
1605144453.281388, 37
1605144453.295496, 36
1605144453.313347, 37
1605144453.327389, 38
1605144453.341731, 37
1605144453.355332, 37
1605144453.369522, 38
1605144453.384396, 39
1605144453.398110, 38
1605144453.415181, 37
1605144453.429439, 38
1605144453.443370, 38
1605144453.458434, 37
1605144453.472798, 37
1605144453.486180, 38
1605144453.500328, 37
1605144453.517532, 38
1605144453.532572, 38
1605144453.546663, 39
1605144453.562740, 39
1605144453.576488, 38
1605144453.590123, 39
1605144453.606680, 39
1605144453.622042, 39
1605144453.635692, 38
1605144453.649533, 38
1605144453.665980, 39
1605144453.680092, 39
1605144453.694175, 38
1605144453.709134, 39
1605144453.722818, 39
1605144453.736105, 39
1605144453.757673, 40
1605144453.773090, 40
1605144453.786777, 40
1605144453.800616, 39
1605144453.814981, 40
1605144453.828441, 40
1605144453.845286, 39
1605144453.860334, 39
1605144453.874213, 40
1605144453.887760, 39
1605144453.903212, 39
1605144453.916731, 40
1605144453.937917, 41
1605144453.953693, 40
1605144453.968027, 42
1605144453.984616, 41
1605144454.004199, 41
1605144454.020586, 41
1605144454.044647, 40
1605144454.075148, 39
1605144454.100309, 40
1605144454.131704, 40
1605144454.148407, 41
1605144454.171669, 42
1605144454.190262, 42
1605144454.205053, 41
1605144454.220054, 42
1605144454.239488, 41
1605144454.254100, 43
1605144454.268501, 42
1605144454.288492, 41
1605144454.302990, 43
1605144454.318426, 42
1605144454.336790, 43
1605144454.351137, 41
1605144454.367771, 41
1605144454.383738, 43
1605144454.400045, 42
1605144454.418260, 43
1605144454.433943, 43
1605144454.451024, 42
1605144454.466449, 43
1605144454.483768, 42
1605144454.500227, 42
1605144454.523110, 43
1605144454.559129, 42
1605144454.574329, 42
1605144454.587863, 43
1605144454.601185, 44
1605144454.626563, 44
1605144454.643352, 43
1605144454.659111, 43
1605144454.682013, 43
1605144454.708343, 43
1605144454.722050, 43
1605144454.737697, 43
1605144454.751589, 43
1605144454.765907, 44
1605144454.780931, 43
1605144454.794403, 44
1605144454.816562, 44
1605144454.836221, 44
1605144454.851108, 45
1605144454.865461, 45
1605144454.882459, 45
1605144454.898287, 46
1605144454.911604, 46
1605144454.926501, 46
1605144454.942000, 45
1605144454.956828, 45
1605144454.971377, 45
1605144454.985254, 46
1605144455.004852, 46
1605144455.026785, 45
1605144455.041208, 45
1605144455.056700, 46
1605144455.074188, 45
1605144455.089183, 45
1605144455.104539, 45
1605144455.118825, 45
1605144455.139099, 46
1605144455.160213, 45
1605144455.184666, 45
1605144455.202020, 46
1605144455.226989, 47
1605144455.241548, 46
1605144455.255427, 45
1605144455.269579, 47
1605144455.285490, 46
1605144455.302660, 46
1605144455.318609, 47
1605144455.336022, 48
1605144455.351820, 48
1605144455.365744, 49
1605144455.379379, 48
1605144455.394315, 49
1605144455.407712, 48
1605144455.421386, 47
1605144455.437428, 48
1605144455.452872, 46
1605144455.469687, 47
1605144455.489055, 47
1605144455.503395, 48
1605144455.519440, 47
1605144455.536657, 46
1605144455.553371, 48
1605144455.568047, 49
1605144455.583066, 48
1605144455.597674, 48
1605144455.612383, 48
1605144455.625562, 49
1605144455.639183, 50
1605144455.652922, 50
1605144455.666924, 48
1605144455.683208, 48
1605144455.698388, 48
1605144455.711187, 49
1605144455.730535, 49
1605144455.747069, 49
1605144455.760563, 49
1605144455.780042, 49
1605144455.833304, 49
1605144455.857942, 49
1605144455.894927, 49
1605144455.909767, 50
1605144455.927696, 50
1605144455.951907, 49
1605144455.966867, 48
1605144455.983868, 50
1605144455.998388, 48
1605144456.012763, 49
1605144456.031065, 48
1605144456.048059, 48
1605144456.068453, 47
1605144456.093512, 49
1605144456.118338, 50
1605144456.147069, 50
1605144456.168457, 50
1605144456.187531, 49
1605144456.203817, 49
1605144456.223041, 49
1605144456.243751, 49
1605144456.258525, 47
1605144456.275178, 49
1605144456.291674, 50
1605144456.310714, 49
1605144456.325933, 50
1605144456.344095, 49
1605144456.359702, 50
1605144456.377644, 51
1605144456.392966, 51
1605144456.409009, 50
1605144456.428661, 50
1605144456.447541, 50
1605144456.461648, 49
1605144456.476756, 50
1605144456.492972, 51
1605144456.509779, 50
1605144456.524675, 50
1605144456.541343, 50
1605144456.557299, 51
1605144456.573905, 51
1605144456.594090, 52
1605144456.615754, 51
1605144456.635740, 52
1605144456.650874, 51
1605144456.667749, 51
1605144456.682264, 52
1605144456.697029, 51
1605144456.712269, 51
1605144456.729034, 51
1605144456.746844, 50
1605144456.762082, 51
1605144456.778818, 52
1605144456.800590, 51
1605144456.817421, 51
1605144456.830980, 53
1605144456.845973, 53
1605144456.863222, 52
1605144456.878741, 52
1605144456.894861, 52
1605144456.911238, 52
1605144456.927648, 52
1605144456.942752, 51
1605144456.962882, 51
1605144456.979313, 52
1605144456.995628, 52
1605144457.011068, 52
1605144457.033859, 52
1605144457.048876, 52
1605144457.064239, 53
1605144457.082754, 53
1605144457.104183, 53
1605144457.120243, 52
1605144457.134852, 54
1605144457.148067, 54
1605144457.161924, 53
1605144457.179697, 54
1605144457.193233, 53
1605144457.207011, 52
1605144457.224344, 53
1605144457.237781, 52
1605144457.250618, 53
1605144457.266205, 52
1605144457.281181, 52
1605144457.294990, 53
1605144457.309497, 54
1605144457.326021, 55
1605144457.340271, 54
1605144457.353911, 54
1605144457.369249, 55
1605144457.383420, 54
1605144457.397295, 53
1605144457.412494, 54
1605144457.426099, 55
1605144457.439736, 53
1605144457.456697, 54
1605144457.470352, 54
1605144457.484062, 53
1605144457.499434, 54
1605144457.513393, 54
1605144457.527332, 54
1605144457.556029, 54
1605144457.573583, 55
1605144457.586912, 56
1605144457.602410, 55
1605144457.618856, 55
1605144457.634149, 55
1605144457.647519, 55
1605144457.666079, 55
1605144457.681569, 55
1605144457.695823, 56
1605144457.709082, 54
1605144457.725111, 54
1605144457.738816, 55
1605144457.752101, 54
1605144457.769410, 53
1605144457.783995, 54
1605144457.798145, 54
1605144457.812599, 54
1605144457.835781, 55
1605144457.852469, 57
1605144457.866246, 56
1605144457.880753, 56
1605144457.895972, 57
1605144457.910976, 57
1605144457.925550, 56
1605144457.940682, 56
1605144457.955489, 56
1605144457.969321, 56
1605144457.983406, 55
1605144458.003496, 56
1605144458.017582, 55
1605144458.031234, 55
1605144458.045694, 55
1605144458.071763, 55
1605144458.088452, 56
1605144458.102472, 57
1605144458.116762, 56
1605144458.132457, 57
1605144458.145350, 57
1605144458.161540, 57
1605144458.175973, 57
1605144458.189396, 57
1605144458.203871, 57
1605144458.218219, 56
1605144458.231670, 57
1605144458.245382, 56
1605144458.268274, 56
1605144458.286006, 57
1605144458.303758, 56
1605144458.316993, 57
1605144458.337302, 58
1605144458.351400, 58
1605144458.364736, 57
1605144458.378302, 58
1605144458.398248, 58
1605144458.412865, 58
1605144458.426846, 56
1605144458.443337, 58
1605144458.456792, 59
1605144458.470168, 58
1605144458.483796, 57
1605144458.498764, 58
1605144458.512262, 58
1605144458.527862, 56
1605144458.542838, 57
1605144458.557113, 58
1605144458.571362, 57
1605144458.595415, 59
1605144458.611397, 59
1605144458.624921, 58
1605144458.638330, 58
1605144458.653594, 59
1605144458.667143, 59
1605144458.682436, 59
1605144458.697685, 58
1605144458.712179, 59
1605144458.726796, 58
1605144458.746629, 59
1605144458.760295, 57
1605144458.775716, 58
1605144458.790188, 59
1605144458.804078, 58
1605144458.817543, 58
1605144458.831463, 58
1605144458.845062, 60
1605144458.859735, 58
1605144458.880827, 60
1605144458.896350, 59
1605144458.910800, 59
1605144458.925054, 59
1605144458.939992, 60
1605144458.954402, 60
1605144458.968667, 59
1605144458.984679, 60
1605144458.999069, 59
1605144459.012786, 58
1605144459.027549, 59
1605144459.042103, 59
1605144459.055634, 59
1605144459.070080, 60
1605144459.084660, 59
1605144459.098444, 59
1605144459.120323, 61
1605144459.134538, 59
1605144459.147853, 59
1605144459.163764, 60
1605144459.178811, 61
1605144459.192720, 60
1605144459.212260, 61
1605144459.228863, 60
1605144459.242463, 61
1605144459.255901, 61
1605144459.269590, 59
1605144459.284213, 60
1605144459.297162, 60
1605144459.311174, 60
1605144459.324686, 60
1605144459.342007, 59
1605144459.361510, 59
1605144459.375874, 60
1605144459.390080, 62
1605144459.403317, 60
1605144459.417419, 61
1605144459.431239, 62
1605144459.446627, 62
1605144459.462780, 61
1605144459.476817, 60
1605144459.489835, 62
1605144459.503958, 61
1605144459.518942, 59
1605144459.532755, 60
1605144459.546593, 61
1605144459.560282, 60
1605144459.576765, 60
1605144459.590679, 61
1605144459.604446, 60
1605144459.620868, 60
1605144459.635737, 60
1605144459.650712, 62
1605144459.664633, 62
1605144459.686855, 61
1605144459.703248, 63
1605144459.717041, 63
1605144459.730464, 62
1605144459.748234, 62
1605144459.763617, 62
1605144459.777951, 62
1605144459.791620, 61
1605144459.807963, 61
1605144459.822363, 61
1605144459.836007, 61
1605144459.852508, 60
1605144459.866608, 62
1605144459.880189, 61
1605144459.895632, 60
1605144459.909942, 61
1605144459.923619, 64
1605144459.951158, 63
1605144459.971018, 62
1605144459.987823, 62
1605144460.002345, 63
1605144460.015480, 64
1605144460.033772, 64
1605144460.047755, 64
1605144460.062461, 62
1605144460.076502, 62
1605144460.092204, 61
1605144460.107216, 62
1605144460.120851, 61
1605144460.134385, 62
1605144460.151410, 63
1605144460.165405, 63
1605144460.179234, 63
1605144460.194295, 63
1605144460.208037, 64
1605144460.222641, 63
1605144460.237010, 64
1605144460.251415, 64
1605144460.267751, 64
1605144460.281377, 63
1605144460.294855, 63
1605144460.311032, 63
1605144460.325670, 62
1605144460.339017, 62
1605144460.353012, 63
1605144460.368099, 63
1605144460.381678, 64
1605144460.395292, 63
1605144460.408852, 64
1605144460.422812, 63
1605144460.436813, 63
1605144460.451663, 64
1605144460.464996, 63
1605144460.478700, 65
1605144460.496421, 64
1605144460.509888, 65
1605144460.524076, 65
1605144460.541973, 64
1605144460.559893, 63
1605144460.573456, 65
1605144460.587272, 64
1605144460.601978, 63
1605144460.617041, 64
1605144460.639930, 64
1605144460.655328, 64
1605144460.669424, 64
1605144460.683329, 65
1605144460.700777, 64
1605144460.714253, 64
1605144460.729053, 66
1605144460.745096, 64
1605144460.759946, 67
1605144460.773982, 65
1605144460.788600, 65
1605144460.804104, 66
1605144460.817261, 65
1605144460.830513, 65
1605144460.846639, 66
1605144460.859985, 66
1605144460.875141, 64
1605144460.890399, 65
1605144460.904397, 64
1605144460.917939, 64
1605144460.932986, 64
1605144460.947848, 65
1605144460.961410, 65
1605144460.976496, 64
1605144460.999206, 67
1605144461.017754, 64
1605144461.032767, 66
1605144461.046342, 66
1605144461.060707, 67
1605144461.075521, 66
1605144461.089530, 66
1605144461.103212, 66
1605144461.121537, 66
1605144461.136835, 66
1605144461.151752, 65
1605144461.172424, 66
1605144461.187409, 66
1605144461.202076, 65
1605144461.215862, 66
1605144461.240324, 66
1605144461.256708, 65
1605144461.270111, 65
1605144461.284902, 67
1605144461.299355, 66
1605144461.313656, 67
1605144461.327558, 67
1605144461.342845, 67
1605144461.357761, 67
1605144461.375815, 67
1605144461.389939, 68
1605144461.413619, 68
1605144461.429538, 67
1605144461.443969, 65
1605144461.458208, 66
1605144461.473132, 67
1605144461.486635, 66
1605144461.500236, 66
1605144461.520181, 66
1605144461.537627, 67
1605144461.552407, 66
1605144461.566668, 67
1605144461.583847, 68
1605144461.599072, 68
1605144461.613279, 67
1605144461.628491, 67
1605144461.642897, 68
1605144461.657014, 68
1605144461.670932, 67
1605144461.686152, 68
1605144461.700384, 68
1605144461.713557, 68
1605144461.730114, 68
1605144461.754186, 68
1605144461.768088, 67
1605144461.782872, 68
1605144461.796514, 68
1605144461.812657, 67
1605144461.826212, 67
1605144461.841066, 69
1605144461.854915, 68
1605144461.867898, 67
1605144461.882839, 67
1605144461.898320, 68
1605144461.913937, 68
1605144461.930635, 69
1605144461.946830, 68
1605144461.964250, 68
1605144461.980676, 69
1605144461.994943, 67
1605144462.015068, 67
1605144462.032448, 68
1605144462.046045, 68
1605144462.061329, 68
1605144462.077680, 69
1605144462.090851, 69
1605144462.106511, 69
1605144462.124362, 70
1605144462.139466, 69
1605144462.155311, 69
1605144462.168968, 70
1605144462.186075, 70
1605144462.199584, 69
1605144462.212790, 69
1605144462.233550, 70
1605144462.258425, 70
1605144462.272112, 69
1605144462.286256, 68
1605144462.302833, 68
1605144462.317072, 68
1605144462.336173, 69
1605144462.349912, 69
1605144462.363585, 69
1605144462.381516, 66
1605144462.397406, 70
1605144462.614965, 70
1605144462.994566, 70
1605144463.030306, 70
1605144463.046579, 71
1605144463.064838, 71
1605144463.082622, 70
1605144463.098590, 71
1605144463.116368, 72
1605144463.133078, 72
1605144463.155794, 69
1605144463.173188, 70
1605144463.195544, 72
1605144463.215291, 72
1605144463.231158, 72
1605144463.249418, 71
1605144463.264958, 71
1605144463.280037, 72
1605144463.296303, 71
1605144463.313726, 72
1605144463.337515, 71
1605144463.353618, 72
1605144463.368064, 69
1605144463.391623, 71
1605144463.459205, 70
1605144463.507414, 70
1605144463.544684, 69
1605144463.639468, 69
1605144463.668264, 73
1605144463.685291, 73
1605144463.701115, 73
1605144463.718282, 70
1605144463.732846, 73
1605144463.746835, 74
1605144463.762465, 73
1605144463.776574, 72
1605144463.790139, 74
1605144463.808301, 73
1605144463.822516, 71
1605144463.836540, 71
1605144463.851880, 70
1605144463.866679, 71
1605144463.879575, 70
1605144463.893535, 71
1605144463.907421, 71
1605144463.923122, 72
1605144463.939543, 72
1605144463.958045, 73
1605144463.973016, 72
1605144463.989556, 73
1605144464.003265, 73
1605144464.020519, 71
1605144464.111314, 72
1605144464.130562, 72
1605144464.154067, 73
1605144464.167837, 72
1605144464.185320, 71
1605144464.234620, 73
1605144464.253723, 73
1605144464.295240, 71
1605144464.312110, 74
1605144464.329544, 76
1605144464.345581, 76
1605144464.363447, 76
1605144464.379230, 76
1605144464.395972, 76
1605144464.411825, 75
1605144464.426701, 75
1605144464.452314, 75
1605144464.469569, 73
1605144464.492191, 74
1605144464.513144, 71
1605144464.530484, 72
1605144464.553188, 72
1605144464.595669, 72
1605144464.610801, 72
1605144464.628104, 72
1605144464.641629, 73
1605144464.660349, 74
1605144464.675774, 73
1605144464.690267, 72
1605144464.712704, 73
1605144464.729640, 74
1605144464.746172, 75
1605144464.762882, 74
1605144464.789013, 74
1605144464.804571, 72
1605144464.849435, 73
1605144464.874414, 73
1605144464.890170, 73
1605144464.905810, 72
1605144464.923340, 73
1605144464.937771, 75
1605144464.953792, 73
1605144464.969948, 74
1605144464.994730, 74
1605144465.012732, 75
1605144465.028010, 75
1605144465.047179, 74
1605144465.060560, 74
1605144465.075724, 74
1605144465.096268, 74
1605144465.112166, 75
1605144465.126602, 73
1605144465.142248, 74
1605144465.155859, 74
1605144465.177090, 74
1605144465.203982, 74
1605144465.219142, 75
1605144465.232486, 74
1605144465.247841, 75
1605144465.265608, 75
1605144465.278608, 76
1605144465.291864, 75
1605144465.309138, 73
1605144465.323871, 76
1605144465.338124, 74
1605144465.356463, 76
1605144465.372722, 76
1605144465.398654, 74
1605144465.424690, 74
1605144465.448634, 71
1605144465.462617, 74
1605144465.478267, 75
1605144465.492834, 75
1605144465.506842, 75
1605144465.521473, 74
1605144465.536576, 75
1605144465.550626, 75
1605144465.564677, 76
1605144465.585455, 76
1605144465.601049, 75
1605144465.615966, 77
1605144465.629401, 76
1605144465.643887, 76
1605144465.657658, 77
1605144465.671518, 75
1605144465.686381, 73
1605144465.702330, 76
1605144465.716874, 77
1605144465.733400, 75
1605144465.765429, 75
1605144465.779607, 76
1605144465.794030, 76
1605144465.807215, 75
1605144465.820286, 76
1605144465.833573, 76
1605144465.847873, 75
1605144465.870003, 76
1605144465.889938, 77
1605144465.904532, 76
1605144465.917413, 76
1605144465.933613, 77
1605144465.951365, 78
1605144465.968869, 77
1605144465.985059, 77
1605144466.003030, 77
1605144466.017294, 77
1605144466.031215, 76
1605144466.046107, 75
1605144466.062274, 77
1605144466.075711, 76
1605144466.089013, 75
1605144466.105820, 77
1605144466.119709, 77
1605144466.143326, 74
1605144466.156848, 76
1605144466.176562, 77
1605144466.190606, 77
1605144466.204520, 77
1605144466.218602, 78
1605144466.233790, 78
1605144466.247220, 77
1605144466.261874, 78
1605144466.277662, 78
1605144466.292828, 77
1605144466.309303, 77
1605144466.327152, 78
1605144466.346748, 78
1605144466.359779, 77
1605144466.373882, 76
1605144466.388495, 77
1605144466.403264, 78
1605144466.417231, 78
1605144466.431828, 77
1605144466.448339, 77
1605144466.463174, 78
1605144466.477447, 77
1605144466.491607, 78
1605144466.505316, 79
1605144466.519874, 79
1605144466.533143, 78
1605144466.549788, 78
1605144466.567553, 78
1605144466.581188, 78
1605144466.595414, 78
1605144466.608442, 79
1605144466.621741, 79
1605144466.635943, 78
1605144466.649481, 78
1605144466.663268, 78
1605144466.677238, 77
1605144466.691747, 77
1605144466.705005, 77
1605144466.718890, 78
1605144466.732785, 77
1605144466.746280, 78
1605144466.761474, 78
1605144466.776171, 77
1605144466.790467, 80
1605144466.804560, 79
1605144466.818861, 78
1605144466.833457, 78
1605144466.849193, 79
1605144466.871430, 79
1605144466.892764, 78
1605144466.908168, 80
1605144466.948058, 78
1605144466.964817, 80
1605144466.986872, 79
1605144467.011983, 77
1605144467.038371, 80
1605144467.085758, 79
1605144467.183185, 81
1605144467.210916, 78
1605144467.233596, 80
1605144467.261346, 79
1605144467.286340, 80
1605144467.302417, 80
1605144467.320123, 81
1605144467.351928, 81
1605144467.393326, 80
1605144467.408425, 81
1605144467.424195, 82
1605144467.439009, 79
1605144467.453665, 79
1605144467.467819, 79
1605144467.628463, 79
1605144467.653902, 80
1605144467.679594, 80
1605144467.695478, 80
1605144467.720835, 81
1605144467.735662, 81
1605144467.750036, 80
1605144467.767383, 80
1605144467.781653, 81
1605144467.796266, 81
1605144467.812910, 80
1605144467.828039, 81
1605144467.843772, 79
1605144467.863733, 79
1605144467.877511, 79
1605144467.890908, 79
1605144467.904674, 80
1605144467.919130, 81
1605144467.938253, 80
1605144467.953281, 80
1605144467.972479, 81
1605144467.987259, 81
1605144468.001688, 82
1605144468.017539, 81
1605144468.037954, 81
1605144468.053181, 81
1605144468.066684, 82
1605144468.083013, 81
1605144468.104546, 82
1605144468.128918, 82
1605144468.151258, 80
1605144468.175457, 81
1605144468.191990, 80
1605144468.207616, 81
1605144468.282282, 80
1605144468.304280, 82
1605144468.320734, 81
1605144468.335827, 81
1605144468.353809, 81
1605144468.367472, 82
1605144468.392581, 82
1605144468.407647, 82
1605144468.426414, 82
1605144468.446756, 82
1605144468.462470, 82
1605144468.496758, 84
1605144468.520285, 80
1605144468.535199, 81
1605144468.551870, 82
1605144468.574191, 81
1605144468.606054, 79
1605144468.634960, 83
1605144468.655635, 82
1605144468.671814, 82
1605144468.688806, 83
1605144468.705534, 82
1605144468.731173, 82
1605144468.749714, 83
1605144468.768866, 79
1605144468.861081, 82
1605144468.907068, 82
1605144468.966679, 82
1605144468.985131, 82
1605144468.998605, 83
1605144469.014530, 83
1605144469.035391, 83
1605144469.049987, 83
1605144469.064012, 83
1605144469.078494, 83
1605144469.101436, 84
1605144469.118028, 83
1605144469.132112, 83
1605144469.146149, 84
1605144469.172780, 84
1605144469.186771, 83
1605144469.201116, 81
1605144469.215717, 84
1605144469.228809, 84
1605144469.246899, 83
1605144469.261693, 83
1605144469.280200, 83
1605144469.294337, 83
1605144469.308510, 82
1605144469.322975, 82
1605144469.338389, 82
1605144469.357755, 82
1605144469.372685, 83
1605144469.385870, 83
1605144469.400180, 82
1605144469.414581, 82
1605144469.428893, 84
1605144469.448401, 84
1605144469.471253, 85
1605144469.489949, 85
1605144469.506093, 84
1605144469.519920, 84
1605144469.534697, 85
1605144469.555405, 84
1605144469.573833, 84
1605144469.588467, 84
1605144469.602151, 84
1605144469.615715, 84
1605144469.630214, 83
1605144469.644351, 84
1605144469.657823, 84
1605144469.673036, 83
1605144469.686753, 84
1605144469.703474, 84
1605144469.720123, 84
1605144469.734146, 84
1605144469.758588, 84
1605144469.777633, 83
1605144469.792828, 84
1605144469.806119, 85
1605144469.820721, 85
1605144469.835769, 86
1605144469.849016, 85
1605144469.863656, 86
1605144469.879710, 85
1605144469.893782, 85
1605144469.910680, 82
1605144469.926053, 86
1605144469.939406, 85
1605144469.952848, 84
1605144469.967491, 85
1605144469.981260, 84
1605144469.999231, 84
1605144470.020960, 85
1605144470.039283, 85
1605144470.053900, 85
1605144470.068315, 85
1605144470.087319, 86
1605144470.103391, 86
1605144470.116914, 84
1605144470.130556, 86
1605144470.146531, 86
1605144470.160809, 86
1605144470.174490, 85
1605144470.189160, 85
1605144470.203317, 86
1605144470.216742, 85
1605144470.231127, 84
1605144470.246030, 86
1605144470.263016, 86
1605144470.278616, 85
1605144470.292873, 84
1605144470.306409, 86
1605144470.324248, 85
1605144470.337661, 85
1605144470.351704, 85
1605144470.371397, 85
1605144470.391206, 87
1605144470.406024, 87
1605144470.419150, 87
1605144470.439305, 87
1605144470.454497, 86
1605144470.467983, 87
1605144470.488613, 86
1605144470.506837, 86
1605144470.522754, 87
1605144470.541050, 86
1605144470.554895, 86
1605144470.568862, 87
1605144470.583334, 87
1605144470.597342, 86
1605144470.613108, 84
1605144470.627375, 86
1605144470.640809, 86
1605144470.657853, 84
1605144470.676885, 85
1605144470.691557, 86
1605144470.704893, 87
1605144470.723240, 88
1605144470.747200, 88
1605144470.767864, 87
1605144470.782117, 87
1605144470.796174, 88
1605144470.820006, 87
1605144470.835532, 87
1605144470.853917, 88
1605144470.869739, 87
1605144470.885552, 88
1605144470.906506, 87
1605144470.928003, 84
1605144470.945870, 85
1605144470.968064, 87
1605144470.989388, 87
1605144471.005470, 86
1605144471.028461, 87
1605144471.046226, 87
1605144471.064887, 85
1605144471.080002, 88
1605144471.095184, 87
1605144471.109711, 86
1605144471.124175, 86
1605144471.139028, 88
1605144471.168161, 87
1605144471.187438, 88
1605144471.204849, 89
1605144471.218847, 88
1605144471.232713, 88
1605144471.252324, 89
1605144471.266833, 88
1605144471.281617, 87
1605144471.296441, 87
1605144471.309705, 87
1605144471.328600, 88
1605144471.345330, 88
1605144471.359165, 87
1605144471.373945, 87
1605144471.388851, 88
1605144471.403970, 89
1605144471.417493, 89
1605144471.432225, 89
1605144471.452221, 88
1605144471.465441, 89
1605144471.481979, 89
1605144471.496726, 89
1605144471.511168, 89
1605144471.525319, 88
1605144471.548186, 87
1605144471.563718, 89
1605144471.576985, 88
1605144471.594243, 88
1605144471.611220, 88
1605144471.625999, 89
1605144471.643617, 89
1605144471.657350, 89
1605144471.672627, 88
1605144471.687428, 88
1605144471.701019, 89
1605144471.718025, 89
1605144471.730906, 90
1605144471.745104, 90
1605144471.759789, 90
1605144471.773261, 89
1605144471.787495, 90
1605144471.808666, 89
1605144471.823808, 90
1605144471.837473, 90
1605144471.851147, 90
1605144471.866672, 90
1605144471.880064, 90
1605144471.894452, 90
1605144471.916782, 89
1605144471.938805, 88
1605144471.953660, 89
1605144471.967218, 89
1605144471.981215, 89
1605144471.995751, 88
1605144472.009257, 89
1605144472.028766, 89
1605144472.043512, 89
1605144472.058227, 90
1605144472.075708, 90
1605144472.091285, 91
1605144472.104690, 90
1605144472.119062, 91
1605144472.133270, 91
1605144472.147139, 90
1605144472.161172, 90
1605144472.174935, 91
1605144472.188628, 90
1605144472.202728, 90
1605144472.217422, 90
1605144472.230617, 90
1605144472.245090, 91
1605144472.258687, 91
1605144472.273014, 90
1605144472.287309, 90
1605144472.301931, 90
1605144472.321347, 89
1605144472.335621, 89
1605144472.349357, 90
1605144472.363430, 90
1605144472.378594, 91
1605144472.393600, 91
1605144472.407310, 91
1605144472.425093, 91
1605144472.439932, 90
1605144472.457390, 91
1605144472.471228, 90
1605144472.492846, 90
1605144472.512666, 91
1605144472.528195, 92
1605144472.541669, 91
1605144472.555813, 91
1605144472.569922, 92
1605144472.583449, 91
1605144472.599158, 91
1605144472.620185, 90
1605144472.634545, 91
1605144472.653221, 90
1605144472.667680, 91
1605144472.687270, 89
1605144472.701290, 91
1605144472.715353, 90
1605144472.736675, 92
1605144472.753878, 91
1605144472.768410, 93
1605144472.782265, 92
1605144472.796720, 91
1605144472.810492, 91
1605144472.829328, 92
1605144472.844408, 91
1605144472.864167, 91
1605144472.884697, 89
1605144472.900269, 91
1605144472.914390, 92
1605144472.929914, 92
1605144472.948059, 91
1605144472.962494, 91
1605144472.976509, 91
1605144472.995665, 92
1605144473.010397, 92
1605144473.026710, 92
1605144473.040500, 91
1605144473.054732, 91
1605144473.068655, 93
1605144473.083275, 94
1605144473.099527, 91
1605144473.114152, 92
1605144473.129035, 92
1605144473.142876, 92
1605144473.156162, 92
1605144473.169561, 93
1605144473.185114, 92
1605144473.198910, 93
1605144473.212539, 93
1605144473.234597, 92
1605144473.250349, 94
1605144473.264840, 93
1605144473.279076, 93
1605144473.293948, 92
1605144473.307438, 92
1605144473.323587, 92
1605144473.338946, 92
1605144473.352721, 92
1605144473.369494, 92
1605144473.385779, 92
1605144473.400206, 92
1605144473.414097, 93
1605144473.436387, 92
1605144473.450520, 93
1605144473.464447, 93
1605144473.487124, 93
1605144473.501856, 94
1605144473.515350, 94
1605144473.531187, 93
1605144473.546531, 94
1605144473.560885, 94
1605144473.575160, 94
1605144473.591179, 93
1605144473.605092, 93
1605144473.619115, 93
1605144473.643061, 92
1605144473.656881, 91
1605144473.671473, 92
1605144473.684763, 91
1605144473.701828, 93
1605144473.717109, 93
1605144473.731798, 93
1605144473.745551, 94
1605144473.761622, 93
1605144473.776081, 93
1605144473.791973, 95
1605144473.806431, 94
1605144473.822010, 94
1605144473.836788, 94
1605144473.850616, 94
1605144473.867705, 93
1605144473.882921, 94
1605144473.896338, 93
1605144473.909995, 92
1605144473.924441, 95
1605144473.937788, 95
1605144473.951282, 94
1605144473.968602, 93
1605144473.983254, 93
1605144473.996825, 93
1605144474.015927, 94
1605144474.037669, 94
1605144474.059010, 94
1605144474.074320, 93
1605144474.088921, 94
1605144474.102691, 94
1605144474.123697, 94
1605144474.141404, 93
1605144474.155056, 95
1605144474.168042, 96
1605144474.188475, 95
1605144474.204483, 95
1605144474.218628, 95
1605144474.232726, 95
1605144474.257697, 94
1605144474.272371, 95
1605144474.285844, 95
1605144474.300264, 93
1605144474.314891, 94
1605144474.330042, 93
1605144474.345788, 94
1605144474.360310, 95
1605144474.373386, 93
1605144474.389844, 94
1605144474.406040, 94
1605144474.420427, 94
1605144474.433419, 96
1605144474.450919, 96
1605144474.469850, 95
1605144474.485858, 96
1605144474.499672, 95
1605144474.514338, 95
1605144474.528150, 95
1605144474.541668, 95
1605144474.558876, 96
1605144474.573040, 95
1605144474.587319, 96
1605144474.609246, 96
1605144474.624236, 96
1605144474.637949, 95
1605144474.652576, 95
1605144474.668287, 96
1605144474.682505, 96
1605144474.699741, 95
1605144474.714239, 95
1605144474.728344, 96
1605144474.741836, 94
1605144474.762548, 94
1605144474.777442, 95
1605144474.791272, 96
1605144474.804546, 95
1605144474.827671, 96
1605144474.850417, 97
1605144474.871625, 96
1605144474.889513, 96
1605144474.902985, 97
1605144474.916273, 97
1605144474.931017, 96
1605144474.944570, 97
1605144474.959133, 97
1605144474.973627, 97
1605144474.987458, 96
1605144475.000738, 97
1605144475.014691, 95
1605144475.028326, 96
1605144475.042129, 96
1605144475.057126, 96
1605144475.070527, 95
1605144475.087019, 95
1605144475.100306, 96
1605144475.113779, 96
1605144475.131428, 96
1605144475.154180, 98
1605144475.174992, 97
1605144475.194381, 96
1605144475.208816, 97
1605144475.222997, 97
1605144475.239984, 96
1605144475.257642, 96
1605144475.271030, 98
1605144475.286971, 98
1605144475.302680, 97
1605144475.320822, 97
1605144475.334447, 97
1605144475.350691, 96
1605144475.364931, 95
1605144475.380181, 97
1605144475.394075, 96
1605144475.407137, 97
1605144475.420561, 96
1605144475.438288, 97
1605144475.452128, 96
1605144475.464983, 96
1605144475.484712, 97
1605144475.510866, 97
1605144475.524842, 98
1605144475.537991, 98
1605144475.554813, 96
1605144475.572958, 98
1605144475.586882, 98
1605144475.601760, 98
1605144475.615078, 97
1605144475.635737, 98
1605144475.651346, 99
1605144475.664936, 98
1605144475.680748, 98
1605144475.695919, 98
1605144475.709784, 97
1605144475.726836, 96
1605144475.747850, 96
1605144475.768605, 97
1605144475.793123, 96
1605144475.807697, 96
1605144475.821648, 98
1605144475.845152, 98
1605144475.861705, 98
1605144475.874976, 99
1605144475.891454, 98
1605144475.905518, 99
1605144475.919151, 98
1605144475.934501, 97
1605144475.948067, 98
1605144475.962544, 98
1605144475.977831, 99
1605144475.993356, 98
1605144476.006564, 99
1605144476.021400, 98
1605144476.034882, 98
1605144476.048882, 98
1605144476.069616, 98
1605144476.086006, 98
1605144476.103147, 98
1605144476.118531, 98
1605144476.134888, 97
1605144476.148087, 98
1605144476.163133, 98
1605144476.178213, 99
1605144476.192841, 98
1605144476.206430, 99
1605144476.228706, 98
1605144476.242761, 98
1605144476.257188, 99
1605144476.271915, 99
1605144476.288075, 98
1605144476.302396, 100
1605144476.322873, 99
1605144476.336440, 99
1605144476.350530, 99
1605144476.365746, 100
1605144476.378907, 99
1605144476.398547, 98
1605144476.413576, 98
1605144476.427158, 98
1605144476.444309, 97
1605144476.464772, 98
1605144476.486233, 97
1605144476.506034, 97
1605144476.522927, 97
1605144476.536699, 97
1605144476.552062, 97
1605144476.566778, 98
1605144476.581148, 98
1605144476.595955, 98
1605144476.610096, 99
1605144476.627764, 100
1605144476.640937, 99
1605144476.661730, 100
1605144476.676548, 100
1605144476.690436, 99
1605144476.704114, 99
1605144476.720081, 99
1605144476.735191, 99
1605144476.747949, 98
1605144476.763315, 98
1605144476.776942, 97
1605144476.791452, 98
1605144476.805703, 98
1605144476.819734, 98
1605144476.832864, 97
1605144476.849488, 97
1605144476.864674, 96
1605144476.878360, 95
1605144476.891900, 89
1605144476.905090, 86
1605144476.918410, 78
1605144476.936274, 73
1605144476.950186, 67
1605144476.964120, 62
1605144476.977684, 56
1605144476.990954, 49
1605144477.005358, 46
1605144477.018894, 46
1605144477.032465, 46
1605144477.047568, 47
1605144477.061399, 47
1605144477.074775, 45
1605144477.089844, 47
1605144477.107831, 46
1605144477.121791, 47
1605144477.141392, 48
1605144477.155411, 49
1605144477.168895, 48
1605144477.183233, 47
1605144477.196744, 49
1605144477.210052, 48
1605144477.224221, 46
1605144477.239279, 47
1605144477.252601, 47
1605144477.267131, 46
1605144477.284070, 47
1605144477.297841, 47
1605144477.317659, 47
1605144477.332277, 48
1605144477.346337, 47
1605144477.360375, 48
1605144477.374835, 48
1605144477.388659, 48
1605144477.404560, 48
1605144477.421886, 48
1605144477.436767, 49
1605144477.450295, 48
1605144477.469387, 48
1605144477.492225, 48
1605144477.511846, 48
1605144477.527903, 48
1605144477.541161, 48
1605144477.557411, 48
1605144477.572235, 49
1605144477.585917, 48
1605144477.602421, 50
1605144477.618085, 50
1605144477.632804, 50
1605144477.649149, 49
1605144477.668758, 49
1605144477.687030, 50
1605144477.700621, 51
1605144477.714830, 49
1605144477.729335, 49
1605144477.743226, 49
1605144477.759397, 49
1605144477.774727, 48
1605144477.788734, 48
1605144477.802694, 49
1605144477.818949, 48
1605144477.834866, 51
1605144477.848574, 50
1605144477.869831, 50
1605144477.886034, 50
1605144477.900633, 50
1605144477.914442, 51
1605144477.929644, 51
1605144477.944590, 51
1605144477.958227, 51
1605144477.971955, 50
1605144477.995434, 50
1605144478.010916, 51
1605144478.024917, 50
1605144478.038461, 50
1605144478.052533, 49
1605144478.071307, 52
1605144478.084898, 51
1605144478.101813, 52
1605144478.117225, 52
1605144478.130889, 50
1605144478.145055, 51
1605144478.159253, 51
1605144478.172800, 52
1605144478.191050, 50
1605144478.211209, 51
1605144478.226749, 52
1605144478.240503, 52
1605144478.256579, 50
1605144478.270793, 51
1605144478.285148, 51
1605144478.298715, 51
1605144478.317719, 51
1605144478.333778, 51
1605144478.347861, 52
1605144478.363892, 53
1605144478.380506, 53
1605144478.393969, 53
1605144478.411063, 52
1605144478.425938, 52
1605144478.440498, 52
1605144478.454725, 51
1605144478.469456, 51
1605144478.483283, 51
1605144478.496941, 53
1605144478.511204, 53
1605144478.525370, 52
1605144478.543314, 51
1605144478.556869, 53
1605144478.576490, 53
1605144478.593447, 53
1605144478.606592, 54
1605144478.620113, 54
1605144478.640982, 54
1605144478.657036, 54
1605144478.671658, 54
1605144478.686829, 52
1605144478.701898, 52
1605144478.715750, 53
1605144478.728915, 52
1605144478.750969, 52
1605144478.767667, 54
1605144478.781294, 54
1605144478.794529, 55
1605144478.813017, 53
1605144478.833223, 55
1605144478.848161, 55
1605144478.861860, 54
1605144478.875923, 55
1605144478.895640, 55
1605144478.910901, 54
1605144478.925394, 53
1605144478.938974, 54
1605144478.954679, 53
1605144478.968032, 53
1605144478.981875, 53
1605144478.996991, 54
1605144479.011036, 53
1605144479.024628, 54
1605144479.038163, 54
1605144479.052437, 56
1605144479.066077, 57
1605144479.080816, 56
1605144479.094458, 56
1605144479.107997, 57
1605144479.123015, 57
1605144479.136287, 56
1605144479.150306, 54
1605144479.172792, 55
1605144479.188548, 54
1605144479.202393, 54
1605144479.216089, 54
1605144479.230923, 55
1605144479.244028, 55
1605144479.257791, 55
1605144479.280129, 55
1605144479.295357, 55
1605144479.308927, 56
1605144479.324067, 55
1605144479.339386, 56
1605144479.353523, 56
1605144479.368238, 55
1605144479.382373, 56
1605144479.398771, 57
1605144479.414846, 56
1605144479.431019, 55
1605144479.446448, 56
1605144479.465083, 55
1605144479.478919, 55
1605144479.495325, 56
1605144479.509799, 56
1605144479.523624, 56
1605144479.538377, 56
1605144479.560269, 56
1605144479.575737, 56
1605144479.589850, 56
1605144479.606053, 56
1605144479.623156, 56
1605144479.637173, 56
1605144479.652783, 58
1605144479.668897, 58
1605144479.682907, 56
1605144479.699933, 56
1605144479.717753, 56
1605144479.731866, 56
1605144479.745125, 56
1605144479.765220, 56
1605144479.781882, 56
1605144479.797912, 57
1605144479.815382, 58
1605144479.829025, 58
1605144479.850926, 57
1605144479.871238, 57
1605144479.886479, 57
1605144479.900747, 57
1605144479.914951, 58
1605144479.930355, 58
1605144479.949401, 57
1605144479.964044, 56
1605144479.979822, 57
1605144479.993952, 58
1605144480.009477, 57
1605144480.025753, 57
1605144480.040445, 57
1605144480.053675, 58
1605144480.067660, 59
1605144480.081305, 58
1605144480.095655, 58
1605144480.113239, 57
1605144480.133456, 59
1605144480.148476, 59
1605144480.162368, 59
1605144480.176134, 58
1605144480.190467, 58
1605144480.207353, 58
1605144480.222763, 57
1605144480.238588, 57
1605144480.253615, 59
1605144480.266832, 59
1605144480.285981, 58
1605144480.300007, 59
1605144480.314757, 59
1605144480.328557, 60
1605144480.343391, 59
1605144480.357124, 59
1605144480.374814, 59
1605144480.389098, 59
1605144480.402953, 60
1605144480.418846, 60
1605144480.439664, 59
1605144480.455888, 58
1605144480.470634, 59
1605144480.488469, 59
1605144480.502376, 58
1605144480.522855, 59
1605144480.539495, 58
1605144480.552927, 58
1605144480.566687, 59
1605144480.581574, 58
1605144480.602270, 61
1605144480.615829, 60
1605144480.630579, 60
1605144480.645014, 61
1605144480.658481, 61
1605144480.676652, 59
1605144480.691762, 61
1605144480.705307, 61
1605144480.720325, 60
1605144480.735152, 58
1605144480.748725, 59
1605144480.765809, 59
1605144480.782836, 59
1605144480.797349, 60
1605144480.811229, 60
1605144480.829485, 60
1605144480.845017, 60
1605144480.859527, 61
1605144480.873870, 61
1605144480.895422, 60
1605144480.910102, 62
1605144480.924434, 62
1605144480.940985, 61
1605144480.962383, 62
1605144480.977865, 62
1605144480.991815, 61
1605144481.005604, 59
1605144481.022223, 61
1605144481.040850, 60
1605144481.054915, 60
1605144481.073562, 61
1605144481.086944, 61
1605144481.100632, 60
1605144481.114186, 60
1605144481.127514, 62
1605144481.141186, 62
1605144481.157755, 61
1605144481.171485, 62
1605144481.185680, 62
1605144481.200869, 62
1605144481.216255, 62
1605144481.229614, 62
1605144481.244180, 62
1605144481.259357, 61
1605144481.279371, 61
1605144481.293344, 61
1605144481.315362, 61
1605144481.338017, 62
1605144481.351786, 62
1605144481.365759, 62
1605144481.382306, 62
1605144481.435776, 62
1605144481.466878, 61
1605144481.479907, 62
1605144481.496936, 62
1605144481.517670, 62
1605144481.531264, 61
1605144481.550620, 62
1605144481.566926, 64
1605144481.583584, 63
1605144481.597220, 62
1605144481.612160, 63
1605144481.627292, 62
1605144481.659819, 63
1605144481.717930, 64
1605144481.731312, 63
1605144481.750466, 63
1605144481.764305, 64
1605144481.778383, 63
1605144481.793789, 63
1605144481.810298, 64
1605144481.825465, 64
1605144481.839113, 64
1605144481.853589, 64
1605144481.868323, 63
1605144481.883956, 63
1605144481.905731, 63
1605144481.921903, 63
1605144481.935828, 64
1605144481.949539, 63
1605144481.972199, 64
1605144481.987275, 64
1605144482.001952, 65
1605144482.016074, 64
1605144482.031188, 65
1605144482.045664, 65
1605144482.059431, 65
1605144482.074043, 65
1605144482.088574, 64
1605144482.102088, 65
1605144482.117694, 63
1605144482.132033, 64
1605144482.145787, 64
1605144482.159460, 64
1605144482.173921, 63
1605144482.188869, 63
1605144482.207841, 64
1605144482.228820, 63
1605144482.244293, 63
1605144482.257656, 64
1605144482.271494, 66
1605144482.288152, 65
1605144482.304259, 65
1605144482.320370, 66
1605144482.343705, 65
1605144482.358008, 65
1605144482.375756, 65
1605144482.391901, 65
1605144482.405235, 66
1605144482.418981, 64
1605144482.432980, 64
1605144482.449408, 66
1605144482.465762, 64
1605144482.480916, 65
1605144482.494327, 64
1605144482.513566, 65
1605144482.533101, 65
1605144482.548380, 66
1605144482.562464, 65
1605144482.580951, 66
1605144482.596709, 64
1605144482.629970, 67
1605144482.651340, 65
1605144482.695432, 66
1605144482.726042, 65
1605144482.752272, 65
1605144482.766961, 66
1605144482.780511, 65
1605144482.800046, 66
1605144482.820996, 66
1605144482.841757, 66
1605144482.856021, 68
1605144482.869076, 68
1605144482.891166, 68
1605144482.912756, 68
1605144482.968232, 67
1605144482.984558, 67
1605144482.999778, 68
1605144483.060398, 69
1605144483.318664, 65
1605144483.338862, 65
1605144483.363401, 66
1605144483.389736, 67
1605144483.424133, 65
1605144483.506033, 67
1605144483.521318, 68
1605144483.537153, 68
1605144483.575257, 69
1605144483.598634, 65
1605144483.624679, 66
1605144483.650951, 67
1605144483.665748, 66
1605144483.682331, 66
1605144483.696632, 66
1605144483.717470, 68
1605144483.731349, 67
1605144483.744544, 67
1605144483.759422, 68
1605144483.772878, 68
1605144483.789841, 69
1605144483.805550, 69
1605144483.819117, 69
1605144483.834549, 68
1605144483.857131, 69
1605144483.895361, 69
1605144483.958578, 68
1605144483.977065, 69
1605144484.025240, 70
1605144484.040835, 67
1605144484.056118, 68
1605144484.071076, 66
1605144484.088289, 68
1605144484.102402, 68
1605144484.115828, 69
1605144484.143279, 67
1605144484.160629, 69
1605144484.185747, 69
1605144484.203666, 69
1605144484.223532, 69
1605144484.238197, 70
1605144484.255404, 68
1605144484.271071, 70
1605144484.286820, 69
1605144484.308941, 69
1605144484.326111, 70
1605144484.344557, 68
1605144484.391518, 70
1605144484.408856, 69
1605144484.425734, 68
1605144484.453741, 67
1605144484.475132, 70
1605144484.503191, 70
1605144484.518462, 70
1605144484.533049, 70
1605144484.553603, 70
1605144484.568232, 70
1605144484.586363, 71
1605144484.602416, 70
1605144484.616240, 70
1605144484.636825, 70
1605144484.656238, 70
1605144484.671443, 69
1605144484.690681, 70
1605144484.709808, 71
1605144484.726825, 71
1605144484.744436, 71
1605144484.768847, 72
1605144484.792045, 71
1605144484.813231, 71
1605144484.826964, 72
1605144484.842830, 71
1605144484.861467, 72
1605144484.874975, 71
1605144484.889555, 71
1605144484.906558, 72
1605144484.922722, 72
1605144484.941993, 70
1605144484.955985, 70
1605144484.971059, 69
1605144484.985282, 71
1605144485.022308, 70
1605144485.053766, 70
1605144485.071245, 71
1605144485.094249, 72
1605144485.117266, 72
1605144485.139687, 72
1605144485.160140, 73
1605144485.185900, 73
1605144485.200193, 72
1605144485.214454, 72
1605144485.230432, 71
1605144485.245279, 71
1605144485.259246, 71
1605144485.274238, 72
1605144485.296869, 71
1605144485.316996, 71
1605144485.334837, 71
1605144485.351634, 73
1605144485.378482, 72
1605144485.396115, 71
1605144485.412964, 72
1605144485.429365, 73
1605144485.448667, 72
1605144485.468494, 73
1605144485.487360, 74
1605144485.514745, 72
1605144485.534506, 73
1605144485.550678, 73
1605144485.567171, 72
1605144485.586658, 72
1605144485.602556, 73
1605144485.628181, 73
1605144485.657675, 74
1605144485.672398, 74
1605144485.688149, 75
1605144485.704933, 74
1605144485.719583, 72
1605144485.746839, 73
1605144485.762840, 74
1605144485.781596, 74
1605144485.796625, 72
1605144485.817580, 72
1605144485.836264, 71
1605144485.851870, 71
1605144485.867415, 72
1605144485.887929, 73
1605144485.904752, 73
1605144485.924790, 73
1605144485.939191, 74
1605144485.954403, 73
1605144485.969266, 74
1605144485.984229, 73
1605144486.000922, 75
1605144486.016414, 74
1605144486.032293, 74
1605144486.048134, 74
1605144486.071332, 74
1605144486.089650, 74
1605144486.124120, 72
1605144486.139391, 74
1605144486.154048, 73
1605144486.167673, 74
1605144486.181688, 73
1605144486.199113, 74
1605144486.219726, 74
1605144486.233703, 74
1605144486.251249, 74
1605144486.264653, 76
1605144486.285811, 75
1605144486.309183, 74
1605144486.329358, 75
1605144486.344278, 75
1605144486.357804, 74
1605144486.371444, 76
1605144486.399428, 74
1605144486.413882, 75
1605144486.427558, 74
1605144486.447149, 74
1605144486.462699, 75
1605144486.480539, 75
1605144486.494417, 75
1605144486.508170, 74
1605144486.523464, 75
1605144486.536796, 76
1605144486.558621, 75
1605144486.579333, 75
1605144486.601951, 75
1605144486.624376, 75
1605144486.638835, 76
1605144486.655872, 77
1605144486.671766, 76
1605144486.688391, 75
1605144486.703894, 76
1605144486.717606, 77
1605144486.732501, 75
1605144486.747273, 75
1605144486.761844, 75
1605144486.775584, 74
1605144486.790681, 75
1605144486.809029, 74
1605144486.822947, 76
1605144486.838817, 75
1605144486.852296, 77
1605144486.865930, 77
1605144486.880352, 75
1605144486.894950, 76
1605144486.911967, 77
1605144486.929942, 76
1605144486.948732, 76
1605144486.967178, 76
1605144486.988312, 75
1605144487.003503, 76
1605144487.017797, 77
1605144487.031949, 77
1605144487.047589, 77
1605144487.060903, 76
1605144487.074596, 75
1605144487.088405, 77
1605144487.101532, 77
1605144487.125431, 76
1605144487.149707, 74
1605144487.165202, 77
1605144487.178222, 76
1605144487.197606, 78
1605144487.216599, 77
1605144487.231748, 78
1605144487.245078, 78
1605144487.258926, 78
1605144487.274719, 77
1605144487.287842, 77
1605144487.304232, 77
1605144487.325366, 76
1605144487.340138, 77
1605144487.353182, 77
1605144487.368866, 77
1605144487.390211, 75
1605144487.406423, 77
1605144487.424773, 78
1605144487.438717, 76
1605144487.463402, 79
1605144487.483589, 78
1605144487.505889, 78
1605144487.520753, 78
1605144487.534499, 79
1605144487.547641, 78
1605144487.566703, 77
1605144487.581947, 79
1605144487.595118, 79
1605144487.608553, 78
1605144487.624227, 78
1605144487.639034, 78
1605144487.654483, 77
1605144487.682329, 76
1605144487.711730, 77
1605144487.751075, 78
1605144487.767269, 77
1605144487.793083, 79
1605144487.811538, 78
1605144487.832859, 79
1605144487.848277, 79
1605144487.862052, 78
1605144487.875966, 80
1605144487.892276, 79
1605144487.905760, 79
1605144487.918896, 80
1605144487.932295, 79
1605144487.946329, 79
1605144487.959377, 78
1605144487.979139, 79
1605144487.998693, 78
1605144488.021400, 77
1605144488.036653, 79
1605144488.051392, 78
1605144488.074068, 79
1605144488.096875, 80
1605144488.112074, 79
1605144488.125701, 79
1605144488.139193, 79
1605144488.154140, 80
1605144488.167196, 80
1605144488.183378, 80
1605144488.197063, 80
1605144488.212200, 79
1605144488.230390, 79
1605144488.245015, 81
1605144488.258732, 81
1605144488.273163, 79
1605144488.293654, 80
1605144488.309858, 79
1605144488.323756, 79
1605144488.338037, 78
1605144488.352735, 80
1605144488.366075, 80
1605144488.379229, 79
1605144488.392831, 79
1605144488.406287, 81
1605144488.425374, 81
1605144488.439449, 81
1605144488.453193, 81
1605144488.467055, 80
1605144488.481230, 80
1605144488.494837, 80
1605144488.508581, 81
1605144488.525138, 81
1605144488.538576, 80
1605144488.552667, 81
1605144488.572086, 79
1605144488.587001, 80
1605144488.605221, 79
1605144488.618989, 79
1605144488.639265, 80
1605144488.652893, 81
1605144488.666460, 80
1605144488.685160, 81
1605144488.701593, 82
1605144488.719250, 81
1605144488.732626, 81
1605144488.756011, 81
1605144488.777022, 81
1605144488.791374, 81
1605144488.805278, 82
1605144488.822354, 82
1605144488.838843, 81
1605144488.852704, 81
1605144488.866067, 81
1605144488.883847, 81
1605144488.897618, 80
1605144488.910737, 80
1605144488.929941, 80
1605144488.945281, 81
1605144488.959134, 81
1605144488.975510, 81
1605144488.989080, 80
1605144489.003786, 81
1605144489.018842, 81
1605144489.040312, 81
1605144489.054212, 82
1605144489.067773, 83
1605144489.082547, 83
1605144489.097986, 83
1605144489.115222, 83
1605144489.130454, 82
1605144489.145746, 82
1605144489.160268, 81
1605144489.175901, 82
1605144489.199600, 82
1605144489.221459, 82
1605144489.237763, 80
1605144489.252002, 81
1605144489.267904, 81
1605144489.289843, 82
1605144489.310898, 81
1605144489.326138, 82
1605144489.340185, 82
1605144489.357010, 83
1605144489.370855, 82
1605144489.384326, 82
1605144489.401704, 82
1605144489.416239, 83
1605144489.430356, 82
1605144489.444395, 82
1605144489.466150, 83
1605144489.481544, 83
1605144489.496003, 84
1605144489.509516, 84
1605144489.526107, 82
1605144489.539494, 82
1605144489.552639, 83
1605144489.572962, 83
1605144489.588141, 83
1605144489.602096, 83
1605144489.615703, 83
1605144489.630865, 83
1605144489.647241, 83
1605144489.663501, 83
1605144489.694619, 83
1605144489.710303, 84
1605144489.725676, 84
1605144489.742202, 83
1605144489.756703, 83
1605144489.779700, 83
1605144489.795421, 84
1605144489.813996, 82
1605144489.828646, 84
1605144489.842424, 84
1605144489.858021, 82
1605144489.883426, 82
1605144489.901108, 82
1605144489.916962, 82
1605144489.940060, 84
1605144489.963456, 83
1605144489.981816, 85
1605144489.997226, 84
1605144490.014285, 83
1605144490.036931, 85
1605144490.055862, 84
1605144490.075133, 85
1605144490.088610, 85
1605144490.102318, 84
1605144490.120113, 85
1605144490.139861, 84
1605144490.154905, 84
1605144490.175112, 83
1605144490.189845, 83
1605144490.206106, 82
1605144490.233791, 83
1605144490.261494, 82
1605144490.276848, 84
1605144490.297076, 83
1605144490.322033, 83
1605144490.361993, 85
1605144490.388662, 82
1605144490.408275, 85
1605144490.443861, 85
1605144490.493849, 85
1605144490.543940, 85
1605144490.579170, 85
1605144490.595896, 86
1605144490.615704, 85
1605144490.660972, 85
1605144490.681893, 84
1605144490.705897, 84
1605144490.725922, 85
1605144490.745805, 83
1605144490.761373, 85
1605144490.778622, 85
1605144490.796949, 86
1605144490.843013, 84
1605144490.885516, 86
1605144490.950036, 86
1605144490.986331, 88
1605144491.004439, 85
1605144491.018897, 87
1605144491.034662, 87
1605144491.051713, 87
1605144491.076813, 87
1605144491.093718, 88
1605144491.122266, 86
1605144491.152145, 86
1605144491.168463, 86
1605144491.216187, 87
1605144491.262451, 89
1605144491.282420, 87
1605144491.345233, 85
1605144491.363620, 87
1605144491.389478, 87
1605144491.406935, 90
1605144491.448872, 85
1605144491.493279, 86
1605144491.522988, 88
1605144491.541931, 84
1605144491.572066, 83
1605144491.597044, 86
1605144491.616987, 87
1605144491.633127, 86
1605144491.658279, 87
1605144491.684946, 87
1605144491.709907, 86
1605144491.727425, 86
1605144491.774593, 89
1605144491.793689, 88
1605144491.817433, 88
1605144491.836287, 88
1605144491.861217, 89
1605144491.877425, 91
1605144491.932495, 88
1605144491.951630, 88
1605144491.965464, 88
1605144491.979431, 87
1605144491.995415, 88
1605144492.011296, 87
1605144492.029318, 85
1605144492.056832, 87
1605144492.077075, 87
1605144492.114489, 87
1605144492.135272, 89
1605144492.158890, 88
1605144492.175664, 89
1605144492.191969, 88
1605144492.205192, 89
1605144492.218038, 88
1605144492.233701, 87
1605144492.248859, 89
1605144492.262595, 88
1605144492.279253, 87
1605144492.293974, 88
1605144492.309163, 87
1605144492.324210, 88
1605144492.342640, 88
1605144492.355910, 88
1605144492.376667, 87
1605144492.390605, 88
1605144492.407276, 88
1605144492.440225, 89
1605144492.465258, 88
1605144492.479466, 89
1605144492.499006, 88
1605144492.553067, 88
1605144492.570424, 89
1605144492.587127, 90
1605144492.601710, 89
1605144492.622040, 89
1605144492.636746, 89
1605144492.650496, 88
1605144492.675160, 88
1605144492.697489, 88
1605144492.718297, 87
1605144492.731379, 87
1605144492.753454, 89
1605144492.775202, 89
1605144492.789804, 89
1605144492.805119, 89
1605144492.827993, 90
1605144492.845530, 89
1605144492.861839, 90
1605144492.877333, 89
1605144492.893916, 89
1605144492.908325, 90
1605144492.921995, 90
1605144492.956515, 87
1605144492.987097, 86
1605144493.005502, 88
1605144493.019840, 89
1605144493.033974, 89
1605144493.051605, 90
1605144493.071276, 89
1605144493.095050, 91
1605144493.112043, 88
1605144493.128018, 91
1605144493.141364, 90
1605144493.154653, 91
1605144493.169998, 91
1605144493.184251, 91
1605144493.200447, 90
1605144493.217511, 90
1605144493.232884, 91
1605144493.246370, 90
1605144493.260198, 89
1605144493.275151, 91
1605144493.288651, 90
1605144493.306803, 90
1605144493.331629, 90
1605144493.352821, 90
1605144493.369602, 89
1605144493.392449, 89
1605144493.413329, 90
1605144493.427981, 91
1605144493.441471, 91
1605144493.455171, 91
1605144493.473785, 90
1605144493.494757, 91
1605144493.510621, 92
1605144493.532339, 91
1605144493.546200, 92
1605144493.564078, 92
1605144493.582684, 88
1605144493.599309, 91
1605144493.616896, 92
1605144493.631623, 91
1605144493.649852, 90
1605144493.664026, 91
1605144493.685472, 91
1605144493.700533, 91
1605144493.714700, 91
1605144493.730261, 90
1605144493.748638, 90
1605144493.763062, 91
1605144493.778462, 91
1605144493.801587, 91
1605144493.819665, 91
1605144493.833888, 91
1605144493.861379, 92
1605144493.952740, 92
1605144493.969431, 92
1605144493.982718, 92
1605144493.997986, 93
1605144494.021518, 91
1605144494.038166, 92
1605144494.050931, 93
1605144494.072369, 91
1605144494.093750, 91
1605144494.113696, 89
1605144494.128671, 92
1605144494.142740, 91
1605144494.158428, 92
1605144494.174912, 91
1605144494.188914, 93
1605144494.203708, 92
1605144494.218317, 92
1605144494.247953, 93
1605144494.265650, 93
1605144494.282796, 93
1605144494.297053, 92
1605144494.320430, 93
1605144494.344381, 93
1605144494.426875, 93
1605144494.463376, 92
1605144494.498651, 90
1605144494.557086, 91
1605144494.581448, 92
1605144494.599757, 92
1605144494.617441, 92
1605144494.640123, 94
1605144494.661192, 93
1605144494.676672, 93
1605144494.721734, 93
1605144494.772407, 93
1605144494.790538, 94
1605144494.803981, 94
1605144494.820217, 94
1605144494.834618, 93
1605144494.847940, 93
1605144494.872382, 94
1605144494.896173, 94
1605144494.915840, 94
1605144494.932185, 92
1605144494.955463, 93
1605144494.980984, 94
1605144494.996635, 94
1605144495.015455, 93
1605144495.032999, 94
1605144495.047699, 94
1605144495.064887, 95
1605144495.079638, 93
1605144495.094532, 95
1605144495.108782, 92
1605144495.124051, 94
1605144495.141034, 95
1605144495.156233, 94
1605144495.173877, 95
1605144495.187686, 94
1605144495.204260, 93
1605144495.224872, 95
1605144495.238944, 94
1605144495.253707, 94
1605144495.268616, 94
1605144495.290891, 94
1605144495.304567, 93
1605144495.318704, 94
1605144495.333311, 94
1605144495.356670, 93
1605144495.374956, 91
1605144495.393542, 93
1605144495.410364, 96
1605144495.429822, 94
1605144495.445262, 94
1605144495.462265, 95
1605144495.477896, 95
1605144495.493802, 93
1605144495.526084, 95
1605144495.546092, 94
1605144495.611000, 88
1605144495.627593, 95
1605144495.643177, 94
1605144495.675962, 96
1605144495.705547, 94
1605144495.721617, 95
1605144495.737094, 94
1605144495.751305, 94
1605144495.775733, 95
1605144495.789776, 94
1605144495.803144, 95
1605144495.816891, 96
1605144495.841101, 95
1605144495.860678, 95
1605144495.877333, 96
1605144495.891166, 95
1605144495.910074, 95
1605144495.934683, 95
1605144495.950074, 96
1605144495.963981, 96
1605144495.979303, 95
1605144495.994485, 95
1605144496.009632, 97
1605144496.026365, 95
1605144496.054278, 97
1605144496.070429, 96
1605144496.085485, 95
1605144496.112022, 95
1605144496.134185, 95
1605144496.171698, 96
1605144496.196003, 96
1605144496.222822, 97
1605144496.238151, 97
1605144496.253715, 98
1605144496.268095, 97
1605144496.284122, 97
1605144496.300099, 96
1605144496.316612, 97
1605144496.329770, 95
1605144496.352432, 95
1605144496.366667, 97
1605144496.386749, 95
1605144496.401670, 96
1605144496.418228, 94
1605144496.434431, 95
1605144496.449509, 95
1605144496.463302, 95
1605144496.477003, 97
1605144496.499652, 96
1605144496.522546, 97
1605144496.553317, 96
1605144496.578996, 96
1605144496.597454, 98
1605144496.634905, 96
1605144496.659795, 96
1605144496.679470, 97
1605144496.706592, 96
1605144496.761615, 98
1605144496.837070, 98
1605144496.865082, 98
1605144496.893208, 98
1605144496.915217, 97
1605144496.931667, 96
1605144496.948136, 96
1605144496.963649, 97
1605144496.980754, 96
1605144496.996929, 97
1605144497.026070, 97
1605144497.045638, 97
1605144497.060924, 96
1605144497.074452, 96
1605144497.095503, 96
1605144497.110813, 97
1605144497.126048, 97
1605144497.139905, 96
1605144497.153393, 96
1605144497.168913, 97
1605144497.194087, 95
1605144497.212882, 96
1605144497.226123, 95
1605144497.244148, 95
1605144497.268003, 95
1605144497.286132, 94
1605144497.301559, 94
1605144497.323896, 94
1605144497.339885, 91
1605144497.357281, 83
1605144497.371932, 79
1605144497.385371, 74
1605144497.400683, 67
1605144497.419820, 58
1605144497.446560, 46
1605144497.491524, 46
1605144497.510604, 46
1605144497.526340, 45
1605144497.543458, 43
1605144497.560628, 46
1605144497.574890, 43
1605144497.646227, 42
1605144497.663369, 45
1605144497.698495, 46
1605144497.733751, 47
1605144497.778462, 46
1605144497.835360, 48
1605144497.853548, 47
1605144497.876763, 47
1605144497.896927, 47
1605144497.913348, 46
1605144497.930062, 47
1605144497.954735, 46
1605144498.002917, 44
1605144498.131966, 46
1605144498.171852, 48
1605144498.187672, 47
1605144498.203546, 48
1605144498.283239, 46
1605144498.298613, 46
1605144498.380595, 48
1605144498.399485, 47
1605144498.424617, 47
1605144498.451182, 48
1605144498.472408, 47
1605144498.485940, 47
1605144498.507546, 47
1605144498.531170, 49
1605144498.553034, 48
1605144498.593468, 49
1605144498.607515, 47
1605144498.623422, 48
1605144498.636544, 45
1605144498.653201, 45
1605144498.668517, 49
1605144498.682126, 49
1605144498.696006, 48
1605144498.724013, 48
1605144498.740589, 50
1605144498.754155, 50
1605144498.770164, 49
1605144498.793550, 49
1605144498.809935, 51
1605144498.823678, 50
1605144498.846106, 47
1605144498.883360, 48
1605144498.900694, 48
1605144498.943730, 48
1605144498.977121, 50
1605144499.087589, 48
1605144499.152400, 49
1605144499.170940, 49
1605144499.184503, 50
1605144499.206427, 52
1605144499.221581, 49
1605144499.239251, 50
1605144499.259400, 50
1605144499.273677, 49
1605144499.287160, 50
1605144499.302268, 50
1605144499.316067, 49
1605144499.337032, 50
1605144499.361005, 52
1605144499.391245, 51
1605144499.407846, 50
1605144499.422103, 52
1605144499.441068, 52
1605144499.464507, 51
1605144499.479657, 51
1605144499.496840, 51
1605144499.527670, 51
1605144499.553720, 52
1605144499.571446, 50
1605144499.585871, 51
1605144499.609677, 52
1605144499.629417, 52
1605144499.644168, 52
1605144499.659934, 52
1605144499.675253, 52
1605144499.700437, 53
1605144499.722980, 53
1605144499.740086, 51
1605144499.754561, 51
1605144499.776842, 50
1605144499.801383, 50
1605144499.820398, 52
1605144499.836456, 53
1605144499.862063, 53
1605144499.891470, 54
1605144499.910518, 54
1605144499.926874, 55
1605144499.951586, 52
1605144499.970794, 51
1605144499.985271, 53
1605144500.016061, 51
1605144500.039995, 54
1605144500.071712, 53
1605144500.087454, 52
1605144500.101173, 53
1605144500.115797, 54
1605144500.130305, 54
1605144500.143902, 53
1605144500.161154, 54
1605144500.175836, 55
1605144500.188779, 54
1605144500.204252, 54
1605144500.218942, 54
1605144500.232912, 54
1605144500.247040, 52
1605144500.263035, 53
1605144500.276098, 53
1605144500.299607, 53
1605144500.317524, 54
1605144500.332442, 55
1605144500.345960, 55
1605144500.359669, 53
1605144500.374657, 55
1605144500.392397, 54
1605144500.412731, 57
1605144500.435941, 57
1605144500.458672, 56
1605144500.474231, 56
1605144500.489978, 57
1605144500.514716, 54
1605144500.541618, 55
1605144500.562527, 55
1605144500.577953, 54
1605144500.591397, 55
1605144500.611871, 55
1605144500.628193, 56
1605144500.641968, 56
1605144500.654973, 57
1605144500.673355, 56
1605144500.688077, 56
1605144500.705470, 57
1605144500.722909, 57
1605144500.745424, 56
1605144500.761138, 54
1605144500.774807, 56
1605144500.796208, 54
1605144500.821669, 56
1605144500.850222, 56
1605144500.873167, 57
1605144500.914324, 56
1605144500.930272, 57
1605144500.946901, 57
1605144500.961926, 58
1605144500.978790, 58
1605144500.993671, 57
1605144501.013452, 55
1605144501.044578, 57
1605144501.059930, 55
1605144501.073286, 57
1605144501.091129, 56
1605144501.104221, 57
1605144501.120759, 57
1605144501.135972, 56
1605144501.157999, 56
1605144501.178917, 57
1605144501.200235, 58
1605144501.214879, 57
1605144501.227935, 57
1605144501.243972, 57
1605144501.259001, 59
1605144501.276060, 58
1605144501.289862, 58
1605144501.313972, 58
1605144501.329549, 58
1605144501.342717, 56
1605144501.357188, 57
1605144501.370623, 57
1605144501.385203, 57
1605144501.399884, 57
1605144501.413871, 58
1605144501.432228, 58
1605144501.453216, 58
1605144501.477043, 59
1605144501.517618, 60
1605144501.539121, 57
1605144501.561833, 58
1605144501.587428, 59
1605144501.650218, 59
1605144501.676069, 58
1605144501.689932, 59
1605144501.709566, 58
1605144501.724134, 58
1605144501.737889, 57
1605144501.752361, 59
1605144501.765686, 60
1605144501.784111, 59
1605144501.797614, 59
1605144501.818082, 58
1605144501.832757, 60
1605144501.847333, 59
1605144501.861676, 59
1605144501.877508, 60
1605144501.892189, 58
1605144501.907362, 58
1605144501.922919, 58
1605144501.939523, 60
1605144501.966113, 59
1605144501.979871, 60
1605144501.993584, 60
1605144502.016596, 61
1605144502.030922, 61
1605144502.046174, 60
1605144502.060968, 60
1605144502.074595, 61
1605144502.098105, 61
1605144502.113639, 60
1605144502.127302, 61
1605144502.141237, 61
1605144502.155495, 59
1605144502.170797, 60
1605144502.191864, 59
1605144502.207237, 60
1605144502.220508, 59
1605144502.241900, 60
1605144502.260120, 62
1605144502.283245, 61
1605144502.296693, 62
1605144502.314902, 61
1605144502.336543, 61
1605144502.350759, 62
1605144502.366218, 62
1605144502.386363, 61
1605144502.401480, 62
1605144502.414648, 62
1605144502.431209, 61
1605144502.446270, 61
1605144502.464182, 61
1605144502.479363, 60
1605144502.501709, 61
1605144502.520750, 60
1605144502.544757, 61
1605144502.561483, 61
1605144502.579319, 62
1605144502.596055, 63
1605144502.615512, 63
1605144502.636217, 62
1605144502.651930, 63
1605144502.666952, 62
1605144502.681085, 63
1605144502.694581, 61
1605144502.718294, 61
1605144502.740599, 62
1605144502.754686, 62
1605144502.768845, 61
1605144502.785382, 62
1605144502.799878, 59
1605144502.817352, 62
1605144502.831427, 64
1605144502.848787, 62
1605144502.863698, 63
1605144502.877737, 63
1605144502.893319, 62
1605144502.908367, 62
1605144502.921940, 63
1605144502.935569, 63
1605144502.950563, 64
1605144502.969034, 63
1605144502.983140, 62
1605144502.999518, 61
1605144503.016922, 62
1605144503.052992, 63
1605144503.106123, 61
1605144503.122196, 62
1605144503.137995, 62
1605144503.153462, 63
1605144503.172599, 64
1605144503.188244, 64
1605144503.204594, 64
1605144503.230731, 63
1605144503.245407, 63
1605144503.259224, 64
1605144503.274942, 64
1605144503.294577, 62
1605144503.313306, 63
1605144503.327913, 64
1605144503.343500, 64
1605144503.357090, 63
1605144503.371547, 63
1605144503.396803, 61
1605144503.411155, 64
1605144503.426124, 62
1605144503.441752, 64
1605144503.457699, 65
1605144503.471179, 64
1605144503.489740, 65
1605144503.505041, 65
1605144503.519000, 65
1605144503.533421, 64
1605144503.564664, 63
1605144503.580323, 64
1605144503.593547, 64
1605144503.607989, 64
1605144503.622356, 64
1605144503.635732, 64
1605144503.653660, 65
1605144503.668165, 66
1605144503.682335, 65
1605144503.713537, 66
1605144503.735312, 65
1605144503.761479, 66
1605144503.784798, 66
1605144503.802228, 67
1605144503.818279, 64
1605144503.838520, 66
1605144503.854087, 65
1605144503.869737, 64
1605144503.885197, 64
1605144503.920891, 64
1605144503.936273, 65
1605144503.966176, 65
1605144503.987842, 66
1605144504.009419, 65
1605144504.023460, 67
1605144504.038790, 66
1605144504.054451, 67
1605144504.071630, 67
1605144504.094929, 67
1605144504.117189, 65
1605144504.136073, 66
1605144504.150164, 66
1605144504.164848, 66
1605144504.178211, 66
1605144504.192618, 66
1605144504.210738, 64
1605144504.225401, 66
1605144504.246963, 67
1605144504.260438, 66
1605144504.273508, 67
1605144504.288201, 67
1605144504.302422, 67
1605144504.319428, 66
1605144504.332404, 68
1605144504.347152, 68
1605144504.360582, 67
1605144504.375461, 67
1605144504.390979, 67
1605144504.405396, 67
1605144504.419227, 66
1605144504.441314, 67
1605144504.462520, 67
1605144504.481564, 66
1605144504.497191, 67
1605144504.510983, 67
1605144504.528494, 67
1605144504.542424, 68
1605144504.560814, 67
1605144504.574479, 68
1605144504.589705, 67
1605144504.604183, 68
1605144504.618039, 68
1605144504.633408, 68
1605144504.647013, 68
1605144504.661478, 68
1605144504.674979, 67
1605144504.689396, 68
1605144504.703390, 67
1605144504.726260, 67
1605144504.740716, 67
1605144504.757596, 67
1605144504.771232, 68
1605144504.785849, 67
1605144504.800345, 68
1605144504.814322, 68
1605144504.838583, 69
1605144504.855555, 69
1605144504.869084, 69
1605144504.886525, 69
1605144504.900347, 69
1605144504.914124, 69
1605144504.931787, 69
1605144504.949550, 69
1605144504.963927, 67
1605144504.979816, 68
1605144505.001657, 67
1605144505.017784, 68
1605144505.033331, 68
1605144505.048453, 68
1605144505.073068, 68
1605144505.095869, 70
1605144505.118832, 69
1605144505.133692, 70
1605144505.158371, 70
1605144505.172040, 70
1605144505.191646, 69
1605144505.208609, 69
1605144505.222868, 70
1605144505.241033, 70
1605144505.257489, 69
1605144505.271229, 69
1605144505.285931, 69
1605144505.299487, 68
1605144505.312971, 69
1605144505.331896, 68
1605144505.353498, 69
1605144505.368958, 69
1605144505.383534, 70
1605144505.397947, 71
1605144505.413512, 70
1605144505.427208, 70
1605144505.440701, 70
1605144505.459072, 71
1605144505.480373, 70
1605144505.497467, 70
1605144505.510561, 71
1605144505.523866, 71
1605144505.539039, 69
1605144505.555075, 70
1605144505.569173, 69
1605144505.582667, 70
1605144505.597656, 70
1605144505.615366, 70
1605144505.628985, 70
1605144505.643918, 70
1605144505.658121, 69
1605144505.673061, 71
1605144505.688298, 71
1605144505.701755, 71
1605144505.719310, 71
1605144505.741439, 71
1605144505.755930, 71
1605144505.770343, 71
1605144505.784188, 72
1605144505.797833, 72
1605144505.811361, 71
1605144505.826624, 71
1605144505.844284, 71
1605144505.857931, 70
1605144505.871369, 71
1605144505.887113, 70
1605144505.902570, 71
1605144505.916162, 69
1605144505.930366, 70
1605144505.944780, 71
1605144505.966331, 72
1605144505.984247, 72
1605144505.999364, 72
1605144506.012644, 73
1605144506.026661, 71
1605144506.050024, 71
1605144506.066828, 72
1605144506.087871, 71
1605144506.102748, 71
1605144506.120792, 72
1605144506.134226, 71
1605144506.150562, 71
1605144506.165538, 72
1605144506.178950, 71
1605144506.199541, 70
1605144506.215519, 72
1605144506.228656, 71
1605144506.241805, 71
1605144506.255477, 71
1605144506.270410, 72
1605144506.291259, 73
1605144506.305425, 73
1605144506.321243, 73
1605144506.336960, 72
1605144506.351148, 73
1605144506.364685, 73
1605144506.379882, 73
1605144506.393633, 73
1605144506.407064, 73
1605144506.422252, 73
1605144506.435757, 71
1605144506.450718, 73
1605144506.469181, 72
1605144506.483342, 72
1605144506.498027, 72
1605144506.517435, 72
1605144506.534579, 73
1605144506.552208, 74
1605144506.567227, 73
1605144506.581705, 73
1605144506.599427, 74
1605144506.613624, 73
1605144506.628771, 73
1605144506.648879, 74
1605144506.671303, 73
1605144506.685096, 73
1605144506.698613, 74
1605144506.716767, 74
1605144506.736934, 74
1605144506.759914, 73
1605144506.775426, 74
1605144506.789660, 73
1605144506.804809, 73
1605144506.821173, 73
1605144506.836429, 74
1605144506.849524, 74
1605144506.864638, 73
1605144506.881498, 74
1605144506.894964, 75
1605144506.910263, 73
1605144506.925942, 75
1605144506.942476, 75
1605144506.956196, 75
1605144506.976157, 75
1605144506.993798, 74
1605144507.008173, 75
1605144507.022024, 73
1605144507.040007, 73
1605144507.056219, 74
1605144507.069714, 73
1605144507.088535, 73
1605144507.103420, 75
1605144507.117177, 74
1605144507.132087, 73
1605144507.147017, 75
1605144507.163203, 76
1605144507.177593, 75
1605144507.192606, 75
1605144507.207166, 74
1605144507.221641, 75
1605144507.238816, 74
1605144507.253665, 75
1605144507.267038, 76
1605144507.285479, 75
1605144507.300306, 76
1605144507.313828, 75
1605144507.331578, 75
1605144507.350155, 75
1605144507.363608, 75
1605144507.376995, 75
1605144507.392168, 74
1605144507.405642, 74
1605144507.419166, 74
1605144507.437803, 75
1605144507.453601, 75
1605144507.466809, 76
1605144507.482297, 77
1605144507.503545, 76
1605144507.522598, 76
1605144507.539026, 77
1605144507.553293, 76
1605144507.568295, 76
1605144507.584698, 76
1605144507.598368, 77
1605144507.613006, 76
1605144507.627575, 75
1605144507.641597, 75
1605144507.658526, 75
1605144507.672389, 75
1605144507.686699, 76
1605144507.700714, 76
1605144507.715612, 75
1605144507.730170, 75
1605144507.751482, 77
1605144507.765665, 76
1605144507.781722, 76
1605144507.797982, 76
1605144507.815177, 77
1605144507.834924, 77
1605144507.848767, 77
1605144507.862811, 76
1605144507.875979, 78
1605144507.892353, 78
1605144507.905736, 77
1605144507.919419, 78
1605144507.933757, 77
1605144507.946759, 76
1605144507.967591, 76
1605144507.982321, 77
1605144507.996860, 76
1605144508.009766, 75
1605144508.023982, 76
1605144508.037388, 77
1605144508.052587, 77
1605144508.075249, 78
1605144508.100174, 78
1605144508.120614, 77
1605144508.141656, 78
1605144508.156873, 78
1605144508.170542, 77
1605144508.186587, 78
1605144508.201844, 78
1605144508.216236, 78
1605144508.229978, 77
1605144508.250335, 77
1605144508.264137, 77
1605144508.278097, 75
1605144508.291211, 76
1605144508.312461, 78
1605144508.331233, 78
1605144508.346382, 77
1605144508.359410, 77
1605144508.374324, 77
1605144508.389121, 78
1605144508.402746, 77
1605144508.419076, 78
1605144508.434121, 79
1605144508.447729, 78
1605144508.461894, 79
1605144508.477172, 79
1605144508.490831, 80
1605144508.504733, 79
1605144508.521164, 80
1605144508.534448, 79
1605144508.551838, 77
1605144508.565165, 78
1605144508.580648, 79
1605144508.603314, 77
1605144508.617956, 77
1605144508.632536, 79
1605144508.645710, 78
1605144508.662051, 79
1605144508.676257, 78
1605144508.689130, 79
1605144508.708083, 80
1605144508.727033, 79
1605144508.741682, 79
1605144508.755391, 80
1605144508.769399, 79
1605144508.783554, 79
1605144508.799071, 80
1605144508.813752, 79
1605144508.829599, 79
1605144508.846386, 77
1605144508.861899, 79
1605144508.880930, 78
1605144508.895294, 79
1605144508.917494, 78
1605144508.930990, 79
1605144508.944704, 79
1605144508.962817, 80
1605144508.981783, 80
1605144508.995994, 79
1605144509.009577, 80
1605144509.023680, 79
1605144509.037079, 80
1605144509.050783, 80
1605144509.071317, 81
1605144509.086332, 80
1605144509.100172, 80
1605144509.115068, 80
1605144509.133946, 80
1605144509.148022, 79
1605144509.164976, 78
1605144509.184351, 80
1605144509.199628, 79
1605144509.212984, 79
1605144509.232247, 80
1605144509.246550, 80
1605144509.263415, 79
1605144509.278562, 80
1605144509.295628, 81
1605144509.309329, 81
16