1605190887.678971, 1
1605190887.705997, 0
1605190887.720898, 7
1605190887.736341, 0
1605190887.749862, 7
1605190887.764429, 3
1605190887.778041, 10
1605190887.791471, 9
1605190887.812911, 10
1605190887.827141, 9
1605190887.840918, 10
1605190887.854361, 10
1605190887.868943, 8
1605190887.882290, 10
1605190887.895812, 8
1605190887.910557, 9
1605190887.924049, 8
1605190887.939759, 3
1605190887.955108, 4
1605190887.969600, 4
1605190887.983972, 1
1605190887.999714, 2
1605190888.014343, 3
1605190888.027654, 2
1605190888.042587, 2
1605190888.057300, 4
1605190888.077810, 3
1605190888.099352, 5
1605190888.113665, 5
1605190888.127304, 5
1605190888.141248, 5
1605190888.158275, 6
1605190888.171777, 6
1605190888.187593, 6
1605190888.203337, 6
1605190888.220793, 7
1605190888.236092, 6
1605190888.251381, 6
1605190888.266472, 9
1605190888.282641, 6
1605190888.301810, 7
1605190888.317599, 10
1605190888.334908, 7
1605190888.353293, 7
1605190888.370128, 8
1605190888.388351, 9
1605190888.401852, 9
1605190888.416269, 9
1605190888.430706, 9
1605190888.446307, 9
1605190888.460253, 9
1605190888.473782, 10
1605190888.487903, 10
1605190888.501296, 9
1605190888.516499, 10
1605190888.532677, 9
1605190888.546329, 3
1605190888.561289, 2
1605190888.578313, 3
1605190888.593097, 4
1605190888.606622, 3
1605190888.621072, 4
1605190888.636284, 4
1605190888.650296, 4
1605190888.664287, 5
1605190888.683579, 5
1605190888.697678, 6
1605190888.712618, 5
1605190888.727855, 6
1605190888.742109, 5
1605190888.755940, 6
1605190888.772152, 4
1605190888.814287, 6
1605190888.854087, 7
1605190888.874435, 8
1605190888.917321, 7
1605190888.933191, 9
1605190888.955089, 6
1605190888.985556, 9
1605190889.001908, 9
1605190889.026974, 9
1605190889.040897, 9
1605190889.057669, 9
1605190889.073212, 10
1605190889.090482, 8
1605190889.112485, 7
1605190889.128409, 7
1605190889.147508, 6
1605190889.163456, 3
1605190889.191156, 3
1605190889.209971, 4
1605190889.246311, 2
1605190889.278400, 4
1605190889.297341, 4
1605190889.315580, 4
1605190889.422127, 5
1605190889.440169, 5
1605190889.459157, 5
1605190889.474464, 7
1605190889.491400, 6
1605190889.506607, 5
1605190889.529066, 7
1605190889.544498, 7
1605190889.558978, 6
1605190889.574925, 8
1605190889.589155, 8
1605190889.620698, 8
1605190889.635103, 8
1605190889.649079, 8
1605190889.663008, 8
1605190889.677888, 9
1605190889.692706, 10
1605190889.706900, 9
1605190889.722485, 10
1605190889.737725, 10
1605190889.751357, 9
1605190889.765304, 9
1605190889.780950, 10
1605190889.858110, 3
1605190890.363632, 3
1605190890.690915, 1
1605190890.709811, 1
1605190890.732369, 1
1605190890.757656, 3
1605190890.774780, 3
1605190890.815505, 3
1605190890.890913, 3
1605190890.909944, 2
1605190890.967523, 5
1605190890.998171, 6
1605190891.013459, 4
1605190891.030198, 6
1605190891.050336, 5
1605190891.080542, 7
1605190891.116835, 8
1605190891.204903, 6
1605190891.302673, 8
1605190891.350763, 5
1605190891.369972, 8
1605190891.385380, 8
1605190891.401623, 8
1605190891.419572, 8
1605190891.435614, 9
1605190891.450018, 9
1605190891.466113, 9
1605190891.480280, 10
1605190891.494076, 9
1605190891.507941, 10
1605190891.523373, 10
1605190891.537259, 10
1605190891.551297, 9
1605190891.565071, 10
1605190891.579053, 10
1605190891.592621, 10
1605190891.606746, 8
1605190891.622172, 2
1605190891.636568, 3
1605190891.651341, 2
1605190891.667023, 4
1605190891.680536, 3
1605190891.694061, 4
1605190891.707858, 3
1605190891.721078, 5
1605190891.735050, 4
1605190891.750522, 5
1605190891.763938, 5
1605190891.777695, 5
1605190891.792977, 5
1605190891.806544, 6
1605190891.820709, 6
1605190891.835973, 7
1605190891.849568, 6
1605190891.863334, 6
1605190891.878292, 7
1605190891.892024, 7
1605190891.911870, 8
1605190891.927325, 7
1605190891.940824, 8
1605190891.954961, 7
1605190891.971228, 8
1605190891.986272, 9
1605190891.999686, 8
1605190892.015452, 9
1605190892.030987, 10
1605190892.044627, 10
1605190892.058412, 8
1605190892.073581, 9
1605190892.087206, 8
1605190892.102107, 9
1605190892.117235, 4
1605190892.130916, 3
1605190892.144597, 2
1605190892.159446, 2
1605190892.175361, 3
1605190892.189388, 4
1605190892.203397, 3
1605190892.218926, 4
1605190892.233306, 3
1605190892.246922, 4
1605190892.261838, 4
1605190892.280417, 4
1605190892.294730, 4
1605190892.308439, 5
1605190892.321575, 6
1605190892.337357, 6
1605190892.359677, 6
1605190892.375577, 6
1605190892.389305, 7
1605190892.403015, 6
1605190892.418069, 6
1605190892.432518, 8
1605190892.446635, 9
1605190892.460260, 7
1605190892.475421, 8
1605190892.489788, 9
1605190892.503806, 8
1605190892.518682, 8
1605190892.533338, 9
1605190892.547296, 8
1605190892.560839, 10
1605190892.575932, 9
1605190892.589677, 8
1605190892.603534, 10
1605190892.620187, 10
1605190892.634577, 10
1605190892.648746, 9
1605190892.662161, 9
1605190892.677031, 9
1605190892.691464, 10
1605190892.705217, 10
1605190892.719338, 5
1605190892.733655, 3
1605190892.748788, 3
1605190892.764477, 3
1605190892.778176, 3
1605190892.792114, 3
1605190892.807127, 4
1605190892.821712, 3
1605190892.838759, 4
1605190892.853099, 5
1605190892.868166, 4
1605190892.887296, 6
1605190892.901340, 5
1605190892.915699, 7
1605190892.929790, 7
1605190892.944330, 7
1605190892.958090, 6
1605190892.973010, 7
1605190892.987647, 8
1605190893.003067, 7
1605190893.018537, 8
1605190893.032470, 8
1605190893.045988, 7
1605190893.059969, 8
1605190893.077436, 8
1605190893.092212, 9
1605190893.111669, 9
1605190893.130596, 9
1605190893.148775, 9
1605190893.163411, 9
1605190893.177451, 9
1605190893.191946, 9
1605190893.207756, 9
1605190893.222268, 9
1605190893.235715, 9
1605190893.248891, 9
1605190893.263924, 9
1605190893.278262, 2
1605190893.292671, 3
1605190893.306069, 2
1605190893.320966, 2
1605190893.335176, 2
1605190893.351100, 3
1605190893.378954, 4
1605190893.400779, 5
1605190893.415078, 5
1605190893.430010, 4
1605190893.446402, 5
1605190893.460226, 5
1605190893.474389, 6
1605190893.488625, 6
1605190893.503928, 6
1605190893.519427, 6
1605190893.534145, 6
1605190893.549513, 6
1605190893.564329, 6
1605190893.581837, 6
1605190893.596393, 8
1605190893.610146, 7
1605190893.624220, 8
1605190893.638463, 9
1605190893.652266, 9
1605190893.666389, 8
1605190893.680341, 9
1605190893.694392, 9
1605190893.712396, 9
1605190893.727189, 10
1605190893.741958, 9
1605190893.759902, 9
1605190893.774091, 9
1605190893.787949, 10
1605190893.803332, 7
1605190893.820598, 3
1605190893.835525, 2
1605190893.850435, 2
1605190893.868202, 3
1605190893.882964, 2
1605190893.898811, 2
1605190893.915585, 3
1605190893.931539, 5
1605190893.946215, 5
1605190893.960012, 4
1605190893.975025, 4
1605190893.991619, 5
1605190894.006857, 6
1605190894.022565, 5
1605190894.037141, 7
1605190894.051766, 6
1605190894.068122, 6
1605190894.082242, 6
1605190894.096560, 8
1605190894.111099, 6
1605190894.126032, 7
1605190894.139531, 8
1605190894.156390, 8
1605190894.172770, 6
1605190894.195998, 8
1605190894.211029, 9
1605190894.225025, 9
1605190894.242729, 10
1605190894.256467, 9
1605190894.272981, 9
1605190894.290050, 9
1605190894.448557, 8
1605190894.508267, 3
1605190894.555982, 5
1605190894.572232, 3
1605190894.611657, 4
1605190894.669562, 4
1605190894.782921, 5
1605190894.810900, 4
1605190894.832869, 5
1605190894.850985, 4
1605190894.875148, 5
1605190894.894797, 5
1605190894.909057, 6
1605190894.923424, 6
1605190894.940253, 6
1605190894.953784, 6
1605190894.972357, 7
1605190894.988006, 6
1605190895.005341, 7
1605190895.021067, 7
1605190895.035605, 8
1605190895.055313, 8
1605190895.068544, 8
1605190895.088325, 8
1605190895.102278, 9
1605190895.115737, 9
1605190895.130741, 8
1605190895.145475, 9
1605190895.162647, 8
1605190895.179348, 9
1605190895.195502, 9
1605190895.211785, 8
1605190895.228024, 3
1605190895.242475, 3
1605190895.258225, 3
1605190895.274967, 2
1605190895.302904, 2
1605190895.319980, 2
1605190895.353081, 3
1605190895.367336, 3
1605190895.380813, 4
1605190895.394546, 4
1605190895.408479, 4
1605190895.421916, 4
1605190895.435971, 4
1605190895.450936, 5
1605190895.464511, 5
1605190895.478942, 5
1605190895.496815, 6
1605190895.510801, 7
1605190895.525185, 7
1605190895.539917, 7
1605190895.553899, 8
1605190895.573018, 7
1605190895.587487, 8
1605190895.606013, 8
1605190895.620641, 9
1605190895.635293, 8
1605190895.650387, 8
1605190895.665319, 9
1605190895.679666, 8
1605190895.693951, 10
1605190895.710476, 10
1605190895.727484, 9
1605190895.743856, 10
1605190895.759400, 9
1605190895.774452, 9
1605190895.788856, 9
1605190895.803399, 9
1605190895.819809, 9
1605190895.834183, 9
1605190895.849443, 2
1605190895.865873, 4
1605190895.880200, 5
1605190895.894224, 2
1605190895.912151, 2
1605190895.926321, 3
1605190895.939912, 3
1605190895.954677, 4
1605190895.969478, 4
1605190895.982999, 3
1605190895.998066, 5
1605190896.012905, 5
1605190896.026203, 5
1605190896.040256, 5
1605190896.057759, 5
1605190896.073181, 5
1605190896.086790, 6
1605190896.100546, 7
1605190896.115032, 6
1605190896.128759, 6
1605190896.143839, 6
1605190896.160726, 6
1605190896.174802, 7
1605190896.188391, 7
1605190896.215905, 9
1605190896.238440, 8
1605190896.258524, 9
1605190896.277166, 9
1605190896.291707, 9
1605190896.308541, 10
1605190896.329646, 7
1605190896.344418, 8
1605190896.360934, 8
1605190896.377443, 7
1605190896.393953, 5
1605190896.408199, 2
1605190896.430568, 2
1605190896.445475, 2
1605190896.459768, 2
1605190896.474965, 3
1605190896.489369, 4
1605190896.504448, 3
1605190896.520795, 4
1605190896.534934, 3
1605190896.550330, 5
1605190896.563708, 4
1605190896.582831, 6
1605190896.597829, 5
1605190896.616362, 6
1605190896.633566, 6
1605190896.654092, 5
1605190896.669672, 8
1605190896.694607, 7
1605190896.709143, 8
1605190896.724105, 7
1605190896.756732, 5
1605190896.778997, 8
1605190896.800154, 8
1605190896.819804, 8
1605190896.833615, 9
1605190896.849091, 8
1605190896.862292, 9
1605190896.875809, 10
1605190896.892265, 9
1605190896.907227, 9
1605190896.921167, 8
1605190896.940205, 8
1605190896.956427, 9
1605190896.971210, 8
1605190896.986167, 8
1605190897.008719, 2
1605190897.026241, 4
1605190897.046764, 2
1605190897.063705, 3
1605190897.082535, 3
1605190897.099385, 3
1605190897.115952, 3
1605190897.134635, 4
1605190897.148821, 3
1605190897.164136, 4
1605190897.181175, 6
1605190897.196968, 4
1605190897.214265, 6
1605190897.231607, 5
1605190897.246147, 6
1605190897.261640, 5
1605190897.276406, 6
1605190897.290742, 6
1605190897.305202, 8
1605190897.321432, 7
1605190897.335889, 7
1605190897.354764, 8
1605190897.372062, 7
1605190897.385298, 7
1605190897.400068, 9
1605190897.416015, 7
1605190897.432414, 9
1605190897.450605, 10
1605190897.469362, 7
1605190897.485873, 10
1605190897.502824, 10
1605190897.517736, 9
1605190897.532036, 9
1605190897.547995, 9
1605190897.561342, 10
1605190897.585043, 7
1605190897.602318, 2
1605190897.621890, 4
1605190897.642065, 3
1605190897.658249, 2
1605190897.672514, 4
1605190897.685863, 3
1605190897.701887, 3
1605190897.718909, 5
1605190897.735247, 5
1605190897.750609, 5
1605190897.765186, 5
1605190897.779068, 5
1605190897.792547, 6
1605190897.806516, 6
1605190897.822284, 6
1605190897.835539, 6
1605190897.849073, 6
1605190897.863640, 6
1605190897.877960, 7
1605190897.892764, 8
1605190897.906062, 7
1605190897.922705, 8
1605190897.939061, 8
1605190897.958808, 9
1605190897.978071, 9
1605190897.993234, 8
1605190898.007943, 8
1605190898.023316, 9
1605190898.038414, 9
1605190898.058778, 9
1605190898.076634, 9
1605190898.090074, 9
1605190898.104279, 9
1605190898.118755, 9
1605190898.132081, 8
1605190898.146032, 8
1605190898.159750, 2
1605190898.173576, 2
1605190898.187626, 2
1605190898.201507, 2
1605190898.220767, 3
1605190898.234575, 3
1605190898.251021, 4
1605190898.265123, 4
1605190898.280019, 3
1605190898.294171, 5
1605190898.308671, 4
1605190898.323597, 4
1605190898.338988, 4
1605190898.355879, 7
1605190898.378421, 4
1605190898.393941, 6
1605190898.411218, 8
1605190898.432541, 5
1605190898.447926, 5
1605190898.466030, 8
1605190898.484072, 8
1605190898.499849, 8
1605190898.516082, 8
1605190898.551445, 7
1605190898.570614, 9
1605190898.589470, 7
1605190898.641574, 6
1605190898.679542, 10
1605190898.701981, 7
1605190898.715790, 8
1605190898.747787, 2
1605190898.773292, 3
1605190898.794463, 4
1605190898.830319, 5
1605190898.862326, 2
1605190898.877816, 3
1605190898.893700, 3
1605190898.910913, 3
1605190898.927273, 5
1605190898.944179, 4
1605190898.960330, 6
1605190898.976097, 4
1605190898.993322, 4
1605190899.007879, 6
1605190899.021846, 6
1605190899.036307, 6
1605190899.050398, 7
1605190899.064843, 7
1605190899.080609, 7
1605190899.095382, 7
1605190899.112625, 9
1605190899.131226, 8
1605190899.146367, 8
1605190899.159897, 9
1605190899.172829, 8
1605190899.186284, 9
1605190899.200634, 9
1605190899.215306, 10
1605190899.234071, 9
1605190899.249004, 9
1605190899.262190, 9
1605190899.276442, 9
1605190899.300354, 8
1605190899.314128, 3
1605190899.334494, 4
1605190899.352074, 3
1605190899.367592, 3
1605190899.382553, 3
1605190899.397027, 4
1605190899.414555, 3
1605190899.429776, 4
1605190899.445578, 4
1605190899.460615, 4
1605190899.475337, 5
1605190899.492485, 4
1605190899.506973, 6
1605190899.526779, 6
1605190899.550864, 6
1605190899.573491, 6
1605190899.589142, 6
1605190899.609146, 7
1605190899.623850, 7
1605190899.640092, 6
1605190899.654514, 9
1605190899.671356, 9
1605190899.690644, 9
1605190899.707246, 8
1605190899.721467, 8
1605190899.738914, 8
1605190899.759149, 10
1605190899.779887, 9
1605190899.794004, 9
1605190899.807168, 10
1605190899.823707, 10
1605190899.842954, 10
1605190899.856444, 9
1605190899.869833, 10
1605190899.883739, 10
1605190899.897299, 4
1605190899.912284, 2
1605190899.928823, 3
1605190899.944950, 2
1605190899.958924, 3
1605190899.972484, 3
1605190899.987085, 2
1605190900.000920, 4
1605190900.017121, 4
1605190900.033913, 5
1605190900.049057, 5
1605190900.064209, 5
1605190900.086811, 6
1605190900.104609, 7
1605190900.121626, 5
1605190900.135188, 7
1605190900.152705, 5
1605190900.165877, 7
1605190900.181493, 6
1605190900.197083, 6
1605190900.210422, 8
1605190900.224349, 8
1605190900.240419, 8
1605190900.254613, 7
1605190900.270750, 9
1605190900.286491, 8
1605190900.304331, 9
1605190900.320986, 9
1605190900.335497, 9
1605190900.353920, 9
1605190900.374021, 9
1605190900.387363, 9
1605190900.402299, 9
1605190900.420786, 8
1605190900.441784, 9
1605190900.455038, 8
1605190900.469576, 2
1605190900.484487, 3
1605190900.500193, 3
1605190900.515432, 2
1605190900.540906, 3
1605190900.557379, 4
1605190900.574791, 3
1605190900.589991, 4
1605190900.606546, 4
1605190900.621532, 4
1605190900.639143, 3
1605190900.661716, 6
1605190900.685668, 5
1605190900.704314, 6
1605190900.719601, 7
1605190900.733590, 7
1605190900.747534, 5
1605190900.762330, 7
1605190900.776641, 7
1605190900.795221, 6
1605190900.810103, 8
1605190900.827840, 9
1605190900.843733, 8
1605190900.858921, 7
1605190900.874260, 8
1605190900.890826, 9
1605190900.906437, 9
1605190900.921183, 9
1605190900.935740, 9
1605190900.960735, 9
1605190900.976026, 10
1605190900.991593, 10
1605190901.006619, 10
1605190901.022326, 9
1605190901.049865, 10
1605190901.063989, 1
1605190901.079393, 3
1605190901.094717, 2
1605190901.111407, 2
1605190901.125859, 2
1605190901.139452, 3
1605190901.154671, 4
1605190901.170168, 4
1605190901.187685, 5
1605190901.205667, 5
1605190901.219326, 6
1605190901.235907, 5
1605190901.251216, 6
1605190901.265797, 6
1605190901.279835, 7
1605190901.293535, 6
1605190901.308101, 6
1605190901.323401, 8
1605190901.339855, 7
1605190901.353683, 8
1605190901.377794, 8
1605190901.395737, 8
1605190901.409724, 8
1605190901.423224, 9
1605190901.438281, 9
1605190901.455506, 7
1605190901.471713, 10
1605190901.497398, 9
1605190901.513712, 9
1605190901.528661, 8
1605190901.544477, 9
1605190901.559661, 2
1605190901.577073, 4
1605190901.592850, 3
1605190901.607786, 2
1605190901.621602, 3
1605190901.634625, 3
1605190901.650916, 4
1605190901.667449, 4
1605190901.683263, 5
1605190901.700302, 5
1605190901.717602, 5
1605190901.732205, 5
1605190901.747377, 4
1605190901.763423, 5
1605190901.778188, 6
1605190901.792194, 6
1605190901.806288, 6
1605190901.820429, 7
1605190901.834321, 6
1605190901.848074, 6
1605190901.862209, 8
1605190901.877159, 8
1605190901.891779, 8
1605190901.905894, 8
1605190901.922487, 7
1605190901.937903, 8
1605190901.955774, 8
1605190901.970991, 8
1605190901.986064, 10
1605190902.000756, 10
1605190902.015214, 9
1605190902.048513, 10
1605190902.064712, 9
1605190902.079317, 9
1605190902.092947, 9
1605190902.126822, 10
1605190902.143538, 2
1605190902.164620, 4
1605190902.188319, 2
1605190902.210505, 3
1605190902.225699, 3
1605190902.249379, 5
1605190902.265788, 3
1605190902.292173, 5
1605190902.310402, 4
1605190902.325922, 5
1605190902.342047, 5
1605190902.356905, 5
1605190902.372883, 6
1605190902.388409, 6
1605190902.402793, 6
1605190902.418034, 6
1605190902.437443, 7
1605190902.451264, 7
1605190902.469520, 7
1605190902.492237, 9
1605190902.508717, 8
1605190902.524290, 10
1605190902.562545, 10
1605190902.577950, 9
1605190902.593077, 8
1605190902.609413, 9
1605190902.625858, 10
1605190902.639751, 9
1605190902.654055, 9
1605190902.668927, 9
1605190902.684085, 9
1605190902.698806, 10
1605190902.719951, 7
1605190902.744304, 2
1605190902.759207, 3
1605190902.774039, 3
1605190902.792697, 4
1605190902.806505, 3
1605190902.819944, 3
1605190902.833902, 3
1605190902.848879, 6
1605190902.874356, 6
1605190902.888820, 4
1605190902.904649, 5
1605190902.919674, 5
1605190902.941738, 5
1605190902.963828, 7
1605190902.984876, 5
1605190902.999847, 5
1605190903.014573, 6
1605190903.033331, 8
1605190903.047565, 7
1605190903.061725, 7
1605190903.075436, 8
1605190903.089136, 8
1605190903.103171, 8
1605190903.116767, 8
1605190903.131335, 9
1605190903.144524, 9
1605190903.161086, 8
1605190903.176987, 9
1605190903.191886, 10
1605190903.205408, 9
1605190903.219186, 9
1605190903.241808, 10
1605190903.264863, 9
1605190903.280741, 9
1605190903.294765, 9
1605190903.308264, 8
1605190903.325717, 3
1605190903.343228, 3
1605190903.357530, 2
1605190903.371674, 4
1605190903.385385, 4
1605190903.407528, 4
1605190903.423368, 4
1605190903.437358, 4
1605190903.451074, 5
1605190903.465285, 4
1605190903.481044, 6
1605190903.496086, 5
1605190903.511351, 6
1605190903.525921, 7
1605190903.543508, 6
1605190903.563136, 6
1605190903.583870, 7
1605190903.599551, 7
1605190903.613331, 7
1605190903.627034, 8
1605190903.643651, 7
1605190903.659917, 7
1605190903.674231, 9
1605190903.700399, 8
1605190903.716532, 8
1605190903.731888, 10
1605190903.746763, 9
1605190903.765491, 7
1605190903.782197, 10
1605190903.797280, 9
1605190903.833931, 8
1605190903.854257, 7
1605190903.869952, 3
1605190903.888331, 3
1605190903.910045, 3
1605190903.932068, 4
1605190903.947461, 2
1605190903.962795, 3
1605190904.020915, 5
1605190904.043431, 5
1605190904.060983, 5
1605190904.074654, 5
1605190904.088441, 4
1605190904.103792, 5
1605190904.119029, 5
1605190904.140629, 5
1605190904.154277, 6
1605190904.168048, 6
1605190904.187154, 4
1605190904.202567, 6
1605190904.217486, 6
1605190904.231123, 7
1605190904.257893, 7
1605190904.275504, 8
1605190904.294729, 6
1605190904.311885, 6
1605190904.328856, 8
1605190904.343398, 9
1605190904.377062, 9
1605190904.393077, 7
1605190904.407716, 9
1605190904.426588, 7
1605190904.444570, 6
1605190904.462151, 3
1605190904.495593, 4
1605190904.511093, 4
1605190904.527970, 4
1605190904.544502, 2
1605190904.561738, 2
1605190904.578842, 4
1605190904.615856, 2
1605190904.631124, 2
1605190904.648692, 5
1605190904.662882, 3
1605190904.676468, 5
1605190904.691849, 5
1605190904.705049, 5
1605190904.718048, 5
1605190904.731691, 5
1605190904.744827, 5
1605190904.758958, 6
1605190904.772731, 6
1605190904.786066, 6
1605190904.799359, 7
1605190904.812687, 8
1605190904.825984, 6
1605190904.841402, 6
1605190904.856451, 8
1605190904.870150, 7
1605190904.886037, 8
1605190904.902678, 9
1605190904.917767, 8
1605190904.932044, 7
1605190904.945820, 8
1605190904.961170, 9
1605190904.974793, 9
1605190904.989014, 10
1605190905.003929, 10
1605190905.017694, 9
1605190905.031611, 10
1605190905.046630, 9
1605190905.060224, 9
1605190905.074051, 9
1605190905.095717, 8
1605190905.117204, 2
1605190905.131140, 3
1605190905.144615, 3
1605190905.158576, 3
1605190905.174010, 2
1605190905.189430, 3
1605190905.203484, 3
1605190905.221414, 3
1605190905.235368, 5
1605190905.248833, 4
1605190905.264557, 5
1605190905.280168, 5
1605190905.295149, 6
1605190905.313885, 6
1605190905.328782, 5
1605190905.342220, 7
1605190905.357929, 7
1605190905.372196, 6
1605190905.386660, 7
1605190905.401373, 7
1605190905.423048, 7
1605190905.437036, 8
1605190905.451967, 9
1605190905.466632, 8
1605190905.488275, 8
1605190905.501940, 9
1605190905.516220, 9
1605190905.533281, 9
1605190905.549716, 9
1605190905.564535, 9
1605190905.582193, 9
1605190905.597964, 8
1605190905.613402, 9
1605190905.627515, 10
1605190905.642341, 10
1605190905.657423, 9
1605190905.672536, 10
1605190905.687765, 5
1605190905.703715, 3
1605190905.718784, 2
1605190905.733124, 2
1605190905.753420, 3
1605190905.771213, 4
1605190905.792344, 4
1605190905.811137, 4
1605190905.825914, 4
1605190905.842098, 5
1605190905.855699, 6
1605190905.869575, 5
1605190905.885385, 5
1605190905.911156, 7
1605190905.927055, 6
1605190905.941726, 6
1605190905.958253, 6
1605190905.974217, 8
1605190905.989888, 7
1605190906.007333, 7
1605190906.030494, 8
1605190906.048099, 7
1605190906.063242, 8
1605190906.078563, 8
1605190906.092436, 7
1605190906.107818, 9
1605190906.120857, 10
1605190906.135513, 8
1605190906.150147, 10
1605190906.165190, 9
1605190906.179521, 9
1605190906.194736, 9
1605190906.209723, 8
1605190906.227305, 10
1605190906.250246, 5
1605190906.266135, 2
1605190906.280387, 3
1605190906.293711, 3
1605190906.310276, 2
1605190906.332984, 3
1605190906.348158, 5
1605190906.362922, 4
1605190906.378131, 4
1605190906.398124, 3
1605190906.413368, 5
1605190906.426627, 4
1605190906.440304, 5
1605190906.455709, 6
1605190906.469141, 6
1605190906.483080, 6
1605190906.496584, 6
1605190906.509792, 6
1605190906.524114, 7
1605190906.538530, 7
1605190906.555869, 7
1605190906.571594, 8
1605190906.585633, 8
1605190906.605508, 8
1605190906.620397, 8
1605190906.634739, 9
1605190906.653355, 9
1605190906.667941, 10
1605190906.684008, 9
1605190906.704205, 9
1605190906.718359, 10
1605190906.735998, 9
1605190906.749832, 9
1605190906.766325, 10
1605190906.780197, 10
1605190906.795083, 9
1605190906.811131, 3
1605190906.824655, 3
1605190906.838265, 1
1605190906.854630, 3
1605190906.870316, 2
1605190906.884372, 3
1605190906.898335, 3
1605190906.914267, 4
1605190906.929149, 3
1605190906.943584, 4
1605190906.959247, 4
1605190906.973365, 5
1605190906.987665, 6
1605190907.005244, 5
1605190907.019913, 6
1605190907.034397, 6
1605190907.052366, 6
1605190907.067365, 6
1605190907.081952, 7
1605190907.095868, 6
1605190907.110055, 8
1605190907.123424, 7
1605190907.137102, 7
1605190907.152065, 8
1605190907.165761, 8
1605190907.179431, 9
1605190907.199221, 8
1605190907.214609, 8
1605190907.228700, 10
1605190907.242723, 9
1605190907.257592, 8
1605190907.271051, 10
1605190907.284910, 10
1605190907.299956, 9
1605190907.313433, 9
1605190907.327616, 10
1605190907.349981, 9
1605190907.367470, 9
1605190907.381035, 2
1605190907.395380, 3
1605190907.411728, 1
1605190907.427133, 3
1605190907.441150, 3
1605190907.455599, 3
1605190907.470407, 4
1605190907.485423, 4
1605190907.499299, 5
1605190907.513994, 4
1605190907.527632, 5
1605190907.541270, 5
1605190907.555593, 6
1605190907.569026, 5
1605190907.587572, 6
1605190907.601242, 7
1605190907.627369, 7
1605190907.642006, 6
1605190907.655928, 7
1605190907.673150, 8
1605190907.687403, 6
1605190907.702327, 8
1605190907.717330, 8
1605190907.732316, 9
1605190907.745932, 9
1605190907.759998, 9
1605190907.775360, 8
1605190907.790204, 8
1605190907.804124, 9
1605190907.821946, 8
1605190907.837317, 10
1605190907.851760, 9
1605190907.867237, 9
1605190907.882201, 9
1605190907.896145, 9
1605190907.910565, 9
1605190907.925402, 10
1605190907.942412, 7
1605190907.963242, 2
1605190907.977088, 3
1605190907.990533, 2
1605190908.005385, 4
1605190908.018971, 3
1605190908.032019, 4
1605190908.045769, 5
1605190908.059132, 5
1605190908.074482, 4
1605190908.091493, 3
1605190908.122732, 5
1605190908.152010, 6
1605190908.189350, 5
1605190908.204676, 4
1605190908.227088, 6
1605190908.241091, 6
1605190908.254914, 6
1605190908.270483, 7
1605190908.286666, 8
1605190908.300149, 7
1605190908.314396, 8
1605190908.329413, 8
1605190908.342752, 8
1605190908.356502, 7
1605190908.370876, 7
1605190908.384149, 8
1605190908.399230, 7
1605190908.413223, 8
1605190908.426970, 10
1605190908.440585, 9
1605190908.455835, 9
1605190908.472720, 9
1605190908.491039, 10
1605190908.507344, 9
1605190908.522390, 9
1605190908.536023, 7
1605190908.554364, 2
1605190908.569560, 2
1605190908.583203, 3
1605190908.599955, 3
1605190908.614636, 2
1605190908.628860, 2
1605190908.643572, 3
1605190908.657964, 4
1605190908.672558, 5
1605190908.686606, 4
1605190908.700069, 5
1605190908.714895, 4
1605190908.730732, 5
1605190908.754022, 5
1605190908.770402, 6
1605190908.784032, 6
1605190908.798147, 6
1605190908.814103, 7
1605190908.833545, 7
1605190908.848109, 7
1605190908.869211, 4
1605190908.883338, 8
1605190908.896841, 7
1605190908.910625, 8
1605190908.924783, 8
1605190908.939064, 8
1605190908.952974, 7
1605190908.973219, 9
1605190908.987475, 10
1605190909.001299, 9
1605190909.014856, 8
1605190909.030490, 10
1605190909.043933, 9
1605190909.057758, 8
1605190909.072800, 8
1605190909.087063, 9
1605190909.100910, 8
1605190909.115953, 8
1605190909.130567, 2
1605190909.144224, 5
1605190909.157818, 2
1605190909.172336, 2
1605190909.186150, 2
1605190909.200295, 3
1605190909.213983, 2
1605190909.227556, 3
1605190909.242021, 4
1605190909.259052, 4
1605190909.273370, 4
1605190909.289269, 5
1605190909.310204, 5
1605190909.327241, 6
1605190909.342081, 6
1605190909.356900, 6
1605190909.373856, 6
1605190909.394588, 7
1605190909.411590, 6
1605190909.426610, 6
1605190909.440343, 7
1605190909.455170, 7
1605190909.470252, 7
1605190909.484008, 8
1605190909.498217, 9
1605190909.522607, 8
1605190909.536095, 9
1605190909.549130, 8
1605190909.566838, 9
1605190909.589263, 7
1605190909.604588, 9
1605190909.619016, 10
1605190909.632950, 9
1605190909.654550, 10
1605190909.677885, 9
1605190909.693123, 10
1605190909.706677, 10
1605190909.720459, 9
1605190909.736499, 2
1605190909.750737, 3
1605190909.768805, 2
1605190909.783526, 3
1605190909.797835, 3
1605190909.815495, 4
1605190909.830290, 4
1605190909.847078, 4
1605190909.860886, 5
1605190909.880908, 4
1605190909.895543, 5
1605190909.911296, 6
1605190909.928474, 6
1605190909.945058, 7
1605190909.958549, 7
1605190909.979292, 5
1605190909.995878, 7
1605190910.010229, 7
1605190910.024432, 7
1605190910.041289, 9
1605190910.059147, 8
1605190910.073945, 5
1605190910.091064, 8
1605190910.110105, 5
1605190910.124618, 1
1605190910.140900, 1
1605190910.160282, 2
1605190910.178297, 4
1605190910.191601, 2
1605190910.213765, 2
1605190910.228282, 2
1605190910.241651, 3
1605190910.258802, 3
1605190910.275425, 3
1605190910.290255, 3
1605190910.312094, 3
1605190910.329323, 4
1605190910.345261, 5
1605190910.361285, 4
1605190910.375917, 6
1605190910.390851, 5
1605190910.407304, 5
1605190910.420904, 7
1605190910.439947, 6
1605190910.456325, 7
1605190910.471300, 8
1605190910.493243, 7
1605190910.507064, 6
1605190910.525014, 8
1605190910.538753, 8
1605190910.553870, 8
1605190910.567606, 6
1605190910.591372, 8
1605190910.608142, 10
1605190910.623360, 8
1605190910.636933, 8
1605190910.650039, 9
1605190910.666093, 8
1605190910.680819, 8
1605190910.694119, 2
1605190910.708267, 2
1605190910.725388, 1
1605190910.739392, 3
1605190910.753190, 3
1605190910.768853, 4
1605190910.783591, 3
1605190910.797677, 4
1605190910.812861, 5
1605190910.835403, 4
1605190910.849570, 5
1605190910.863417, 5
1605190910.880239, 7
1605190910.896391, 4
1605190910.911327, 6
1605190910.925616, 6
1605190910.940371, 6
1605190910.959847, 7
1605190910.977268, 8
1605190910.991310, 7
1605190911.004767, 7
1605190911.018586, 8
1605190911.032623, 8
1605190911.046396, 8
1605190911.061380, 7
1605190911.075028, 7
1605190911.088509, 8
1605190911.102214, 8
1605190911.116977, 9
1605190911.130528, 8
1605190911.144389, 9
1605190911.158945, 9
1605190911.172581, 10
1605190911.187351, 10
1605190911.202696, 10
1605190911.216369, 9
1605190911.231463, 9
1605190911.247098, 9
1605190911.261774, 8
1605190911.275434, 2
1605190911.290846, 3
1605190911.305416, 3
1605190911.319342, 2
1605190911.339339, 3
1605190911.354380, 3
1605190911.369122, 2
1605190911.382645, 4
1605190911.396529, 5
1605190911.411507, 4
1605190911.425102, 5
1605190911.439691, 5
1605190911.456738, 5
1605190911.470684, 6
1605190911.483635, 6
1605190911.499334, 6
1605190911.513473, 7
1605190911.527170, 7
1605190911.540800, 8
1605190911.554192, 7
1605190911.567632, 6
1605190911.581243, 7
1605190911.595915, 7
1605190911.610133, 8
1605190911.624143, 8
1605190911.644283, 9
1605190911.659680, 8
1605190911.673829, 8
1605190911.687539, 10
1605190911.703738, 10
1605190911.717625, 9
1605190911.731241, 9
1605190911.747488, 8
1605190911.762154, 10
1605190911.775963, 8
1605190911.789813, 8
1605190911.804755, 9
1605190911.818472, 9
1605190911.832206, 3
1605190911.847476, 3
1605190911.866576, 3
1605190911.881606, 4
1605190911.902195, 4
1605190911.916660, 4
1605190911.930181, 4
1605190911.944075, 3
1605190911.960307, 4
1605190911.974768, 4
1605190911.989015, 6
1605190912.003126, 5
1605190912.016617, 5
1605190912.031158, 5
1605190912.047214, 6
1605190912.070425, 7
1605190912.086573, 6
1605190912.101927, 7
1605190912.115723, 7
1605190912.133603, 6
1605190912.147786, 8
1605190912.161116, 8
1605190912.175118, 7
1605190912.191386, 8
1605190912.204718, 8
1605190912.218374, 8
1605190912.232724, 9
1605190912.246463, 10
1605190912.260684, 10
1605190912.279981, 9
1605190912.294599, 10
1605190912.308405, 10
1605190912.324649, 9
1605190912.337820, 9
1605190912.350928, 10
1605190912.365430, 10
1605190912.378971, 9
1605190912.391950, 8
1605190912.406319, 3
1605190912.419921, 2
1605190912.435593, 3
1605190912.455143, 3
1605190912.470211, 5
1605190912.484190, 4
1605190912.499141, 3
1605190912.524683, 5
1605190912.538387, 3
1605190912.553739, 4
1605190912.568248, 4
1605190912.582535, 4
1605190912.597073, 5
1605190912.612232, 6
1605190912.627246, 6
1605190912.642776, 6
1605190912.658103, 6
1605190912.671594, 6
1605190912.685386, 8
1605190912.706682, 7
1605190912.727478, 8
1605190912.741852, 7
1605190912.755423, 9
1605190912.776380, 7
1605190912.795585, 8
1605190912.809997, 9
1605190912.823400, 9
1605190912.836998, 8
1605190912.858258, 10
1605190912.874225, 10
1605190912.892246, 8
1605190912.906356, 10
1605190912.920184, 10
1605190912.935014, 9
1605190912.948817, 10
1605190912.963492, 3
1605190912.978473, 1
1605190912.991868, 2
1605190913.007687, 1
1605190913.021847, 3
1605190913.035338, 2
1605190913.050197, 4
1605190913.064911, 4
1605190913.078589, 4
1605190913.093095, 4
1605190913.109129, 4
1605190913.122715, 5
1605190913.136641, 5
1605190913.150589, 6
1605190913.164989, 5
1605190913.178746, 6
1605190913.194095, 6
1605190913.209246, 7
1605190913.222691, 6
1605190913.237051, 5
1605190913.252276, 8
1605190913.266818, 8
1605190913.283005, 7
1605190913.297956, 8
1605190913.312111, 9
1605190913.325768, 8
1605190913.341933, 9
1605190913.356557, 9
1605190913.370618, 9
1605190913.385025, 9
1605190913.399074, 8
1605190913.412427, 9
1605190913.429900, 9
1605190913.445710, 10
1605190913.459621, 10
1605190913.477385, 10
1605190913.492280, 9
1605190913.508010, 9
1605190913.523654, 9
1605190913.539751, 2
1605190913.554114, 2
1605190913.569108, 2
1605190913.594050, 5
1605190913.609667, 2
1605190913.623055, 4
1605190913.638223, 3
1605190913.652571, 4
1605190913.668293, 5
1605190913.681487, 4
1605190913.696974, 5
1605190913.718743, 6
1605190913.737308, 5
1605190913.751667, 7
1605190913.765004, 7
1605190913.778542, 5
1605190913.793417, 7
1605190913.806901, 7
1605190913.820451, 7
1605190913.834546, 7
1605190913.849114, 7
1605190913.862592, 6
1605190913.877225, 8
1605190913.893777, 7
1605190913.907403, 9
1605190913.923653, 8
1605190913.939155, 9
1605190913.953179, 10
1605190913.967371, 9
1605190913.983493, 9
1605190913.996717, 10
1605190914.012201, 9
1605190914.025889, 10
1605190914.039203, 9
1605190914.055210, 8
1605190914.069085, 9
1605190914.082821, 9
1605190914.100260, 2
1605190914.121905, 3
1605190914.142929, 3
1605190914.163132, 3
1605190914.178053, 4
1605190914.192002, 5
1605190914.205892, 3
1605190914.228988, 5
1605190914.249943, 5
1605190914.264979, 5
1605190914.278877, 6
1605190914.292212, 6
1605190914.308865, 6
1605190914.324073, 5
1605190914.337889, 7
1605190914.351601, 7
1605190914.365864, 7
1605190914.380024, 7
1605190914.393147, 8
1605190914.408200, 8
1605190914.422622, 7
1605190914.435862, 8
1605190914.450756, 9
1605190914.467219, 9
1605190914.480782, 8
1605190914.495127, 9
1605190914.509902, 10
1605190914.523442, 9
1605190914.538891, 8
1605190914.553929, 9
1605190914.567447, 10
1605190914.582901, 10
1605190914.597528, 9
1605190914.611455, 9
1605190914.625337, 10
1605190914.640515, 9
1605190914.655495, 7
1605190914.668851, 2
1605190914.683476, 1
1605190914.700457, 1
1605190914.715171, 1
1605190914.729353, 1
1605190914.743869, 2
1605190914.759284, 0
1605190914.773433, 2
1605190914.787389, 2
1605190914.802328, 2
1605190914.816372, 2
1605190914.830655, 1
1605190914.848042, 2
1605190914.861974, 2
1605190914.876068, 1
1605190914.890034, 2
1605190914.913364, 1
1605190914.928766, 2
1605190914.942387, 2
1605190914.956214, 2
1605190914.978541, 3
1605190914.998738, 3
1605190915.013369, 4
1605190915.027127, 5
1605190915.041488, 5
1605190915.056819, 5
1605190915.070460, 5
1605190915.084346, 6
1605190915.100459, 5
1605190915.114039, 6
1605190915.128006, 5
1605190915.147738, 7
1605190915.164937, 7
1605190915.178787, 7
1605190915.192753, 8
1605190915.207705, 8
1605190915.222213, 8
1605190915.235781, 8
1605190915.255729, 8
1605190915.269680, 9
1605190915.283581, 8
1605190915.297270, 8
1605190915.312112, 9
1605190915.325706, 9
1605190915.339494, 8
1605190915.354417, 10
1605190915.368124, 10
1605190915.382598, 9
1605190915.398038, 9
1605190915.412200, 10
1605190915.426804, 9
1605190915.442441, 9
1605190915.457341, 9
1605190915.471156, 2
1605190915.485058, 3
1605190915.500061, 3
1605190915.513477, 2
1605190915.529251, 2
1605190915.543546, 4
1605190915.557335, 4
1605190915.572915, 4
1605190915.587677, 5
1605190915.601560, 4
1605190915.615123, 5
1605190915.630021, 5
1605190915.643828, 4
1605190915.657592, 5
1605190915.673468, 4
1605190915.688610, 6
1605190915.702426, 7
1605190915.717509, 7
1605190915.738825, 6
1605190915.754069, 8
1605190915.767493, 8
1605190915.780905, 7
1605190915.795949, 7
1605190915.810455, 8
1605190915.824807, 8
1605190915.846091, 9
1605190915.863735, 9
1605190915.878793, 9
1605190915.892530, 9
1605190915.906410, 10
1605190915.920627, 9
1605190915.934535, 9
1605190915.948422, 10
1605190915.964997, 8
1605190915.978374, 9
1605190915.992439, 8
1605190916.008093, 8
1605190916.022279, 7
1605190916.039214, 3
1605190916.054467, 2
1605190916.068061, 2
1605190916.081622, 3
1605190916.097115, 3
1605190916.111474, 3
1605190916.125130, 3
1605190916.140976, 4
1605190916.155661, 4
1605190916.169316, 5
1605190916.183102, 4
1605190916.198031, 6
1605190916.211461, 6
1605190916.225508, 6
1605190916.242811, 7
1605190916.257031, 7
1605190916.270934, 6
1605190916.287127, 7
1605190916.300939, 6
1605190916.314886, 8
1605190916.329815, 7
1605190916.344213, 8
1605190916.358086, 8
1605190916.379184, 8
1605190916.394642, 7
1605190916.408574, 8
1605190916.421968, 9
1605190916.436249, 7
1605190916.450956, 9
1605190916.465755, 10
1605190916.480527, 9
1605190916.495567, 9
1605190916.508777, 10
1605190916.522772, 10
1605190916.538143, 9
1605190916.551601, 9
1605190916.569083, 9
1605190916.587492, 9
1605190916.601097, 2
1605190916.614879, 4
1605190916.629929, 2
1605190916.644028, 2
1605190916.657794, 2
1605190916.674201, 3
1605190916.689509, 3
1605190916.703553, 3
1605190916.717075, 3
1605190916.736741, 2
1605190916.751701, 5
1605190916.765359, 5
1605190916.779398, 5
1605190916.799529, 6
1605190916.814198, 6
1605190916.827727, 6
1605190916.841733, 6
1605190916.856518, 7
1605190916.870043, 7
1605190916.889520, 7
1605190916.909893, 8
1605190916.924879, 7
1605190916.939022, 8
1605190916.953055, 7
1605190916.968986, 8
1605190916.983622, 8
1605190916.997199, 9
1605190917.011629, 9
1605190917.027278, 10
1605190917.040957, 9
1605190917.055343, 9
1605190917.071457, 10
1605190917.085150, 10
1605190917.100188, 9
1605190917.114848, 10
1605190917.128512, 9
1605190917.145739, 8
1605190917.161312, 8
1605190917.175981, 9
1605190917.190235, 4
1605190917.204448, 3
1605190917.218922, 4
1605190917.232427, 3
1605190917.247125, 2
1605190917.261668, 4
1605190917.275316, 4
1605190917.289735, 4
1605190917.303566, 4
1605190917.316583, 4
1605190917.330575, 5
1605190917.353282, 6
1605190917.368804, 5
1605190917.382610, 6
1605190917.395645, 6
1605190917.410642, 6
1605190917.428518, 6
1605190917.442154, 6
1605190917.455757, 6
1605190917.470854, 8
1605190917.488606, 6
1605190917.503428, 8
1605190917.518791, 8
1605190917.533400, 7
1605190917.548927, 8
1605190917.564797, 9
1605190917.579434, 9
1605190917.593303, 8
1605190917.606909, 10
1605190917.630800, 10
1605190917.647309, 9
1605190917.660793, 9
1605190917.673771, 9
1605190917.689254, 9
1605190917.702990, 9
1605190917.716630, 8
1605190917.731498, 10
1605190917.747851, 8
1605190917.761454, 4
1605190917.775358, 2
1605190917.791229, 4
1605190917.804992, 3
1605190917.818548, 2
1605190917.832535, 4
1605190917.850375, 5
1605190917.864964, 4
1605190917.879704, 5
1605190917.893437, 4
1605190917.908236, 6
1605190917.921886, 6
1605190917.937344, 6
1605190917.954904, 6
1605190917.969492, 6
1605190917.983903, 6
1605190917.997430, 6
1605190918.015597, 7
1605190918.031033, 7
1605190918.045181, 7
1605190918.058979, 7
1605190918.075686, 7
1605190918.089752, 8
1605190918.103042, 8
1605190918.118291, 8
1605190918.133576, 8
1605190918.147236, 9
1605190918.161072, 10
1605190918.175377, 10
1605190918.189107, 9
1605190918.203021, 9
1605190918.218264, 10
1605190918.231843, 10
1605190918.245554, 9
1605190918.265100, 10
1605190918.287093, 9
1605190918.303785, 9
1605190918.317253, 4
1605190918.331186, 4
1605190918.345242, 2
1605190918.358465, 3
1605190918.372102, 2
1605190918.389190, 2
1605190918.403937, 4
1605190918.417543, 3
1605190918.431365, 3
1605190918.447184, 4
1605190918.461368, 4
1605190918.475581, 5
1605190918.491698, 5
1605190918.505925, 6
1605190918.519775, 5
1605190918.535718, 5
1605190918.549006, 6
1605190918.562132, 6
1605190918.582352, 6
1605190918.597409, 7
1605190918.612110, 8
1605190918.625535, 7
1605190918.639454, 8
1605190918.653687, 7
1605190918.670609, 9
1605190918.685702, 8
1605190918.700369, 9
1605190918.714136, 9
1605190918.727293, 9
1605190918.748440, 9
1605190918.764050, 10
1605190918.778092, 9
1605190918.791655, 9
1605190918.812375, 10
1605190918.830813, 10
1605190918.845112, 9
1605190918.858086, 10
1605190918.873816, 10
1605190918.887620, 8
1605190918.902123, 2
1605190918.916137, 2
1605190918.939156, 3
1605190918.954200, 3
1605190918.967415, 4
1605190918.984029, 4
1605190918.998758, 4
1605190919.012576, 4
1605190919.027894, 5
1605190919.042022, 5
1605190919.055380, 6
1605190919.071086, 5
1605190919.086194, 6
1605190919.100012, 5
1605190919.116442, 6
1605190919.135501, 6
1605190919.150257, 7
1605190919.163816, 8
1605190919.177593, 7
1605190919.192867, 7
1605190919.206483, 8
1605190919.220769, 8
1605190919.235585, 9
1605190919.249218, 7
1605190919.263508, 8
1605190919.276955, 9
1605190919.291038, 8
1605190919.304607, 8
1605190919.320955, 9
1605190919.334663, 9
1605190919.351368, 10
1605190919.366647, 10
1605190919.381709, 10
1605190919.395434, 10
1605190919.409168, 9
1605190919.427325, 10
1605190919.442149, 10
1605190919.455836, 3
1605190919.474572, 2
1605190919.489236, 3
1605190919.503683, 2
1605190919.518399, 3
1605190919.533301, 4
1605190919.547134, 4
1605190919.561872, 4
1605190919.577813, 3
1605190919.593543, 3
1605190919.608644, 5
1605190919.623723, 6
1605190919.641774, 6
1605190919.661324, 5
1605190919.680029, 6
1605190919.695937, 6
1605190919.711162, 6
1605190919.726024, 7
1605190919.742638, 7
1605190919.761283, 7
1605190919.776153, 8
1605190919.791476, 7
1605190919.807285, 8
1605190919.823539, 8
1605190919.837520, 8
1605190919.855551, 8
1605190919.870762, 9
1605190919.884627, 10
1605190919.898223, 9
1605190919.911978, 10
1605190919.926010, 9
1605190919.942064, 10
1605190919.955659, 9
1605190919.972735, 10
1605190919.988198, 10
1605190920.002953, 9
1605190920.018703, 4
1605190920.035363, 2
1605190920.049995, 3
1605190920.069571, 2
1605190920.088004, 2
1605190920.102102, 4
1605190920.120629, 4
1605190920.134743, 3
1605190920.148228, 5
1605190920.162444, 5
1605190920.180459, 5
1605190920.202201, 6
1605190920.218908, 6
1605190920.232243, 6
1605190920.246314, 6
1605190920.260954, 7
1605190920.274389, 6
1605190920.291064, 7
1605190920.307400, 7
1605190920.322921, 8
1605190920.340934, 6
1605190920.363337, 8
1605190920.387313, 8
1605190920.404567, 8
1605190920.420305, 8
1605190920.434402, 10
1605190920.448456, 9
1605190920.464473, 9
1605190920.477786, 10
1605190920.492212, 10
1605190920.506941, 9
1605190920.521106, 9
1605190920.534790, 10
1605190920.548473, 9
1605190920.563465, 9
1605190920.576862, 4
1605190920.595352, 0
1605190920.610220, 3
1605190920.623910, 3
1605190920.637735, 3
1605190920.653126, 2
1605190920.666655, 3
1605190920.680658, 4
1605190920.695032, 4
1605190920.709201, 5
1605190920.727737, 4
1605190920.744566, 4
1605190920.759418, 5
1605190920.772864, 5
1605190920.791083, 6
1605190920.805313, 5
1605190920.826064, 3
1605190920.856101, 6
1605190920.871865, 7
1605190920.888350, 7
1605190920.908633, 7
1605190920.924630, 9
1605190920.938437, 9
1605190920.953980, 8
1605190920.969215, 8
1605190921.004838, 7
1605190921.033776, 7
1605190921.049107, 9
1605190921.064238, 8
1605190921.080419, 2
1605190921.094336, 2
1605190921.110641, 3
1605190921.127516, 3
1605190921.143998, 2
1605190921.181301, 2
1605190921.199020, 4
1605190921.215745, 4
1605190921.232986, 5
1605190921.254568, 5
1605190921.267738, 5
1605190921.294640, 3
1605190921.308112, 5
1605190921.323337, 6
1605190921.337361, 5
1605190921.350986, 6
1605190921.364582, 6
1605190921.396112, 8
1605190921.410087, 7
1605190921.426515, 8
1605190921.442809, 7
1605190921.457147, 6
1605190921.470677, 7
1605190921.485816, 7
1605190921.499551, 7
1605190921.513438, 8
1605190921.527291, 10
1605190921.541553, 8
1605190921.556091, 8
1605190921.571633, 9
1605190921.585696, 8
1605190921.599444, 8
1605190921.614541, 2
1605190921.628875, 2
1605190921.642521, 2
1605190921.657697, 1
1605190921.674035, 4
1605190921.691586, 2
1605190921.705290, 3
1605190921.722219, 2
1605190921.735840, 4
1605190921.749364, 4
1605190921.765178, 4
1605190921.781483, 3
1605190921.796244, 4
1605190921.814435, 6
1605190921.828781, 5
1605190921.846510, 5
1605190921.860970, 7
1605190921.874897, 6
1605190921.888545, 6
1605190921.903631, 7
1605190921.919002, 7
1605190921.940153, 8
1605190921.958688, 8
1605190921.972707, 8
1605190921.987098, 8
1605190922.015415, 8
1605190922.029274, 9
1605190922.044647, 7
1605190922.077326, 9
1605190922.094249, 10
1605190922.109988, 8
1605190922.126223, 9
1605190922.142041, 7
1605190922.172639, 4
1605190922.186373, 2
1605190922.202190, 2
1605190922.215477, 5
1605190922.254130, 2
1605190922.268277, 2
1605190922.283098, 4
1605190922.299488, 4
1605190922.316449, 5
1605190922.336970, 4
1605190922.351412, 5
1605190922.367051, 5
1605190922.388741, 5
1605190922.415708, 6
1605190922.430433, 4
1605190922.447318, 3
1605190922.475310, 6
1605190922.499696, 8
1605190922.554380, 7
1605190922.582809, 7
1605190922.615616, 8
1605190922.631881, 9
1605190922.659297, 7
1605190922.678324, 8
1605190922.695971, 6
1605190922.723784, 7
1605190922.738515, 8
1605190922.754096, 7
1605190922.770250, 3
1605190922.785103, 2
1605190922.803167, 3
1605190922.817030, 1
1605190922.854030, 6
1605190922.870257, 3
1605190922.888440, 3
1605190922.903206, 3
1605190922.917834, 3
1605190922.932134, 3
1605190922.945889, 4
1605190922.960852, 4
1605190922.974284, 5
1605190922.990469, 7
1605190923.005100, 5
1605190923.018365, 5
1605190923.031768, 6
1605190923.054712, 6
1605190923.072061, 6
1605190923.085657, 6
1605190923.099634, 9
1605190923.119208, 8
1605190923.137736, 7
1605190923.152790, 8
1605190923.166183, 8
1605190923.179928, 8
1605190923.194495, 9
1605190923.208721, 9
1605190923.222624, 10
1605190923.238657, 9
1605190923.253509, 9
1605190923.267690, 10
1605190923.282990, 8
1605190923.296541, 9
1605190923.310420, 9
1605190923.325701, 8
1605190923.340303, 2
1605190923.354535, 2
1605190923.375647, 3
1605190923.397666, 4
1605190923.412242, 2
1605190923.426527, 3
1605190923.439924, 4
1605190923.458233, 4
1605190923.473741, 4
1605190923.488243, 5
1605190923.502638, 5
1605190923.518293, 6
1605190923.533873, 5
1605190923.551298, 5
1605190923.565870, 5
1605190923.587468, 5
1605190923.609372, 7
1605190923.626778, 6
1605190923.641155, 7
1605190923.655186, 7
1605190923.680260, 6
1605190923.703587, 8
1605190923.725263, 8
1605190923.741969, 9
1605190923.756958, 9
1605190923.770996, 9
1605190923.784801, 9
1605190923.808567, 10
1605190923.824090, 10
1605190923.837553, 9
1605190923.851285, 9
1605190923.866037, 10
1605190923.879879, 10
1605190923.895331, 9
1605190923.916421, 8
1605190923.932656, 1
1605190923.947521, 4
1605190923.961646, 2
1605190923.980197, 2
1605190923.994297, 2
1605190924.009090, 3
1605190924.022941, 4
1605190924.044825, 4
1605190924.060103, 4
1605190924.073492, 4
1605190924.087243, 5
1605190924.102901, 5
1605190924.116875, 6
1605190924.130352, 5
1605190924.144669, 5
1605190924.158964, 5
1605190924.173531, 7
1605190924.186874, 6
1605190924.204108, 6
1605190924.218030, 8
1605190924.231548, 7
1605190924.245553, 7
1605190924.262644, 8
1605190924.276814, 9
1605190924.289767, 8
1605190924.307356, 8
1605190924.321578, 8
1605190924.334812, 8
1605190924.348500, 9
1605190924.363187, 8
1605190924.379496, 9
1605190924.393553, 10
1605190924.406937, 8
1605190924.422649, 9
1605190924.435819, 9
1605190924.450935, 9
1605190924.464950, 10
1605190924.478343, 9
1605190924.491845, 9
1605190924.506298, 5
1605190924.521834, 3
1605190924.535468, 2
1605190924.557079, 3
1605190924.571420, 3
1605190924.584817, 4
1605190924.599506, 2
1605190924.614532, 4
1605190924.632004, 4
1605190924.645460, 5
1605190924.667477, 6
1605190924.682191, 6
1605190924.698425, 6
1605190924.712193, 5
1605190924.727462, 5
1605190924.741012, 6
1605190924.754215, 6
1605190924.768236, 6
1605190924.782846, 7
1605190924.795999, 7
1605190924.810602, 6
1605190924.824329, 8
1605190924.838121, 7
1605190924.851787, 7
1605190924.865764, 8
1605190924.879804, 9
1605190924.893298, 8
1605190924.907370, 9
1605190924.921336, 8
1605190924.935797, 10
1605190924.953151, 8
1605190924.968022, 10
1605190924.981558, 10
1605190924.999093, 9
1605190925.015324, 8
1605190925.030257, 10
1605190925.047411, 10
1605190925.060751, 9
1605190925.074933, 3
1605190925.098052, 2
1605190925.115860, 3
1605190925.130026, 3
1605190925.143950, 2
1605190925.160811, 4
1605190925.174241, 4
1605190925.189206, 4
1605190925.203976, 5
1605190925.218660, 4
1605190925.231919, 5
1605190925.247643, 4
1605190925.262469, 6
1605190925.276293, 5
1605190925.290162, 6
1605190925.305379, 6
1605190925.319573, 6
1605190925.333309, 6
1605190925.356197, 7
1605190925.376195, 8
1605190925.392236, 8
1605190925.406718, 8
1605190925.420205, 9
1605190925.438389, 9
1605190925.458511, 9
1605190925.476126, 9
1605190925.489971, 10
1605190925.505279, 8
1605190925.520011, 8
1605190925.533436, 9
1605190925.550563, 9
1605190925.565392, 9
1605190925.579143, 9
1605190925.593021, 9
1605190925.608903, 8
1605190925.623706, 10
1605190925.637274, 7
1605190925.650960, 1
1605190925.665802, 2
1605190925.679207, 2
1605190925.692878, 2
1605190925.706783, 3
1605190925.720982, 4
1605190925.740027, 4
1605190925.759892, 3
1605190925.773475, 6
1605190925.788804, 4
1605190925.803305, 4
1605190925.817148, 5
1605190925.830779, 6
1605190925.847731, 5
1605190925.862517, 5
1605190925.876340, 7
1605190925.890156, 6
1605190925.907214, 6
1605190925.922893, 7
1605190925.936624, 7
1605190925.950216, 7
1605190925.964388, 7
1605190925.977960, 8
1605190925.991852, 9
1605190926.006753, 8
1605190926.020453, 9
1605190926.034032, 9
1605190926.049345, 9
1605190926.063048, 9
1605190926.076522, 9
1605190926.091357, 10
1605190926.105080, 9
1605190926.119592, 9
1605190926.139371, 9
1605190926.154161, 10
1605190926.167759, 10
1605190926.182227, 10
1605190926.198877, 10
1605190926.212838, 7
1605190926.226578, 2
1605190926.243150, 2
1605190926.256770, 3
1605190926.270181, 3
1605190926.284149, 3
1605190926.298144, 4
1605190926.312320, 4
1605190926.327553, 5
1605190926.341057, 4
1605190926.354858, 5
1605190926.372657, 6
1605190926.389700, 5
1605190926.403989, 6
1605190926.417559, 5
1605190926.432464, 7
1605190926.446245, 6
1605190926.460240, 6
1605190926.477377, 7
1605190926.491100, 8
1605190926.504934, 6
1605190926.520472, 7
1605190926.534104, 8
1605190926.547813, 7
1605190926.563803, 7
1605190926.579111, 9
1605190926.592739, 10
1605190926.607282, 9
1605190926.621979, 9
1605190926.635479, 9
1605190926.650273, 10
1605190926.673096, 10
1605190926.693851, 9
1605190926.715358, 10
1605190926.735457, 8
1605190926.750984, 10
1605190926.764555, 9
1605190926.778400, 5
1605190926.793948, 2
1605190926.807309, 3
1605190926.820419, 2
1605190926.835435, 4
1605190926.848940, 3
1605190926.862942, 4
1605190926.879352, 4
1605190926.894543, 4
1605190926.907870, 5
1605190926.922151, 5
1605190926.936980, 5
1605190926.950383, 5
1605190926.964548, 6
1605190926.983333, 5
1605190926.997361, 6
1605190927.012725, 5
1605190927.030436, 6
1605190927.045280, 7
1605190927.061718, 7
1605190927.076044, 8
1605190927.090290, 7
1605190927.104300, 7
1605190927.117535, 8
1605190927.132610, 8
1605190927.145912, 9
1605190927.160563, 7
1605190927.179614, 8
1605190927.194547, 10
1605190927.208042, 9
1605190927.223497, 10
1605190927.239748, 10
1605190927.254003, 10
1605190927.267896, 9
1605190927.288950, 10
1605190927.303768, 10
1605190927.317354, 9
1605190927.331232, 9
1605190927.347753, 2
1605190927.361187, 2
1605190927.374837, 2
1605190927.395536, 2
1605190927.409868, 2
1605190927.423479, 3
1605190927.439888, 4
1605190927.455129, 3
1605190927.469505, 5
1605190927.483847, 5
1605190927.504203, 5
1605190927.520342, 5
1605190927.537202, 5
1605190927.553061, 6
1605190927.568532, 7
1605190927.586521, 6
1605190927.600965, 6
1605190927.616978, 6
1605190927.633149, 7
1605190927.650404, 7
1605190927.665652, 7
1605190927.682257, 9
1605190927.700141, 8
1605190927.716907, 9
1605190927.733662, 9
1605190927.750356, 8
1605190927.765876, 9
1605190927.781844, 9
1605190927.805121, 9
1605190927.819967, 9
1605190927.835111, 10
1605190927.850716, 10
1605190927.865973, 10
1605190927.883660, 10
1605190927.900628, 10
1605190927.914876, 9
1605190927.929804, 2
1605190927.945779, 3
1605190927.960126, 3
1605190927.973716, 4
1605190927.987697, 2
1605190928.000883, 4
1605190928.017076, 3
1605190928.033668, 4
1605190928.048394, 5
1605190928.067332, 4
1605190928.085643, 5
1605190928.100166, 5
1605190928.114225, 5
1605190928.127770, 5
1605190928.143460, 6
1605190928.157102, 5
1605190928.170890, 7
1605190928.186470, 7
1605190928.200776, 8
1605190928.214582, 6
1605190928.236828, 8
1605190928.258431, 9
1605190928.273855, 8
1605190928.287535, 9
1605190928.301427, 9
1605190928.316372, 8
1605190928.331054, 9
1605190928.344352, 10
1605190928.358561, 8
1605190928.372261, 8
1605190928.385690, 8
1605190928.403809, 9
1605190928.419682, 4
1605190928.434106, 5
1605190928.448058, 1
1605190928.461851, 1
1605190928.483649, 2
1605190928.498138, 4
1605190928.511722, 3
1605190928.525073, 3
1605190928.541613, 2
1605190928.555621, 3
1605190928.568962, 5
1605190928.587616, 5
1605190928.602325, 4
1605190928.615699, 4
1605190928.629852, 6
1605190928.644590, 5
1605190928.658366, 6
1605190928.674326, 6
1605190928.701691, 6
1605190928.717047, 7
1605190928.730852, 6
1605190928.744641, 7
1605190928.767157, 7
1605190928.782234, 8
1605190928.796048, 9
1605190928.809635, 8
1605190928.825500, 9
1605190928.841130, 9
1605190928.855038, 10
1605190928.868477, 9
1605190928.883850, 8
1605190928.899156, 8
1605190928.922632, 9
1605190928.941876, 9
1605190928.960672, 9
1605190928.974445, 6
1605190928.990155, 3
1605190929.006392, 3
1605190929.030951, 2
1605190929.053765, 2
1605190929.069911, 4
1605190929.083525, 3
1605190929.101277, 4
1605190929.115988, 4
1605190929.130767, 5
1605190929.145895, 5
1605190929.164832, 4
1605190929.181228, 5
1605190929.195865, 6
1605190929.210082, 6
1605190929.225154, 6
1605190929.240745, 7
1605190929.256101, 5
1605190929.269401, 7
1605190929.284059, 7
1605190929.299540, 7
1605190929.314154, 7
1605190929.328827, 7
1605190929.342102, 8
1605190929.361729, 8
1605190929.375682, 9
1605190929.390622, 9
1605190929.405458, 10
1605190929.420034, 9
1605190929.433819, 8
1605190929.450060, 10
1605190929.464077, 10
1605190929.476842, 9
1605190929.492037, 9
1605190929.506775, 10
1605190929.520357, 9
1605190929.533983, 10
1605190929.556724, 3
1605190929.577521, 3
1605190929.592334, 2
1605190929.605907, 0
1605190929.619663, 1
1605190929.635813, 1
1605190929.650100, 1
1605190929.663748, 1
1605190929.679061, 2
1605190929.692607, 2
1605190929.706255, 0
1605190929.723886, 3
1605190929.738235, 1
1605190929.752481, 3
1605190929.767466, 2
1605190929.780762, 3
1605190929.795938, 3
1605190929.815636, 2
1605190929.829430, 1
1605190929.843069, 3
1605190929.856816, 3
1605190929.871954, 2
1605190929.885363, 4
1605190929.900679, 3
1605190929.916062, 4
1605190929.930373, 4
1605190929.944110, 5
1605190929.957929, 4
1605190929.971883, 5
1605190929.985542, 4
1605190930.000985, 5
1605190930.015336, 5
1605190930.028850, 6
1605190930.042545, 6
1605190930.057060, 7
1605190930.070966, 6
1605190930.089433, 6
1605190930.104973, 7
1605190930.118911, 8
1605190930.132587, 8
1605190930.147340, 8
1605190930.160767, 8
1605190930.174631, 8
1605190930.192075, 9
1605190930.205881, 8
1605190930.219598, 10
1605190930.237524, 9
1605190930.252241, 9
1605190930.266610, 9
1605190930.280226, 9
1605190930.294736, 10
1605190930.308502, 9
1605190930.322160, 10
1605190930.339939, 10
1605190930.354813, 10
1605190930.368507, 10
1605190930.382204, 7
1605190930.397274, 2
1605190930.411589, 4
1605190930.425524, 3
1605190930.446877, 3
1605190930.461885, 4
1605190930.475443, 4
1605190930.489150, 5
1605190930.504356, 4
1605190930.518849, 5
1605190930.532750, 4
1605190930.551608, 5
1605190930.569324, 6
1605190930.584137, 6
1605190930.597916, 7
1605190930.611583, 6
1605190930.627051, 6
1605190930.640705, 6
1605190930.654363, 6
1605190930.670622, 7
1605190930.686289, 7
1605190930.700034, 7
1605190930.713616, 8
1605190930.727827, 8
1605190930.741661, 8
1605190930.755442, 9
1605190930.770085, 9
1605190930.783399, 8
1605190930.797635, 8
1605190930.820793, 10
1605190930.839504, 9
1605190930.854249, 10
1605190930.869316, 9
1605190930.887835, 9
1605190930.903942, 9
1605190930.918249, 10
1605190930.935091, 9
1605190930.951554, 3
1605190930.965055, 2
1605190930.978008, 3
1605190930.992698, 2
1605190931.007779, 2
1605190931.021288, 4
1605190931.036810, 4
1605190931.051512, 5
1605190931.066159, 4
1605190931.080155, 4
1605190931.095136, 5
1605190931.108497, 5
1605190931.129608, 6
1605190931.146455, 6
1605190931.160407, 6
1605190931.174000, 5
1605190931.189759, 6
1605190931.205094, 6
1605190931.218572, 8
1605190931.238805, 7
1605190931.254643, 8
1605190931.269381, 7
1605190931.287342, 7
1605190931.303236, 7
1605190931.316937, 8
1605190931.330467, 8
1605190931.344192, 8
1605190931.358033, 10
1605190931.376318, 9
1605190931.389619, 9
1605190931.403692, 9
1605190931.417296, 10
1605190931.430787, 10
1605190931.447362, 8
1605190931.464885, 9
1605190931.479486, 10
1605190931.492340, 10
1605190931.512015, 2
1605190931.526631, 3
1605190931.540206, 3
1605190931.554261, 4
1605190931.571954, 3
1605190931.586478, 4
1605190931.599575, 5
1605190931.614347, 3
1605190931.630137, 5
1605190931.644945, 4
1605190931.658954, 5
1605190931.673001, 5
1605190931.687398, 6
1605190931.701739, 5
1605190931.726190, 6
1605190931.744467, 6
1605190931.759752, 7
1605190931.773914, 6
1605190931.787803, 7
1605190931.803814, 8
1605190931.818027, 8
1605190931.832589, 7
1605190931.848641, 6
1605190931.864200, 9
1605190931.877776, 9
1605190931.893554, 9
1605190931.910229, 8
1605190931.926064, 9
1605190931.942104, 10
1605190931.957805, 10
1605190931.972398, 10
1605190931.986296, 8
1605190932.009933, 9
1605190932.025791, 10
1605190932.039373, 9
1605190932.053140, 4
1605190932.066766, 2
1605190932.080094, 1
1605190932.094467, 2
1605190932.109726, 3
1605190932.123318, 2
1605190932.142336, 4
1605190932.158430, 4
1605190932.172122, 4
1605190932.189028, 3
1605190932.205948, 5
1605190932.219228, 5
1605190932.235402, 0
1605190932.250409, 6
1605190932.265946, 6
1605190932.280185, 5
1605190932.294743, 6
1605190932.308093, 5
1605190932.321364, 7
1605190932.335142, 7
1605190932.349076, 6
1605190932.368177, 7
1605190932.384882, 6
1605190932.403429, 7
1605190932.417528, 7
1605190932.432477, 8
1605190932.455760, 5
1605190932.495503, 9
1605190932.517197, 9
1605190932.531745, 9
1605190932.545009, 10
1605190932.559464, 10
1605190932.573851, 10
1605190932.587366, 9
1605190932.600713, 10
1605190932.614830, 9
1605190932.628581, 8
1605190932.641714, 8
1605190932.656947, 9
1605190932.673032, 4
1605190932.688056, 2
1605190932.701811, 2
1605190932.715843, 3
1605190932.730291, 3
1605190932.744583, 2
1605190932.759942, 3
1605190932.773843, 5
1605190932.793124, 3
1605190932.807538, 5
1605190932.821148, 4
1605190932.835154, 5
1605190932.851108, 5
1605190932.864604, 6
1605190932.880345, 7
1605190932.901658, 6
1605190932.920822, 7
1605190932.942365, 8
1605190932.958117, 7
1605190932.972725, 7
1605190932.986408, 8
1605190933.000993, 8
1605190933.015859, 8
1605190933.030961, 8
1605190933.044674, 9
1605190933.058150, 8
1605190933.072983, 9
1605190933.090151, 10
1605190933.104732, 9
1605190933.118291, 9
1605190933.133184, 9
1605190933.149288, 9
1605190933.165395, 9
1605190933.180532, 9
1605190933.195593, 10
1605190933.209196, 9
1605190933.222893, 7
1605190933.238267, 4
1605190933.252920, 2
1605190933.267640, 2
1605190933.283569, 3
1605190933.297618, 2
1605190933.311952, 3
1605190933.328734, 5
1605190933.342260, 5
1605190933.355342, 5
1605190933.370461, 5
1605190933.383997, 6
1605190933.397069, 6
1605190933.410384, 6
1605190933.424066, 6
1605190933.438875, 7
1605190933.452678, 6
1605190933.466216, 7
1605190933.480149, 6
1605190933.497325, 6
1605190933.511474, 7
1605190933.524805, 6
1605190933.539373, 7
1605190933.558977, 10
1605190933.584979, 9
1605190933.600005, 9
1605190933.614422, 7
1605190933.630113, 8
1605190933.645993, 6
1605190933.662296, 7
1605190933.677739, 3
1605190933.692386, 2
1605190933.707992, 2
1605190933.722181, 3
1605190933.738170, 2
1605190933.757729, 4
1605190933.777650, 3
1605190933.795904, 2
1605190933.810470, 3
1605190933.826829, 4
1605190933.843688, 5
1605190933.963774, 4
1605190933.992214, 3
1605190934.053221, 7
1605190934.083962, 6
1605190934.127106, 7
1605190934.145687, 7
1605190934.161502, 6
1605190934.175229, 7
1605190934.188743, 7
1605190934.202456, 7
1605190934.217607, 8
1605190934.237880, 8
1605190934.258132, 7
1605190934.274567, 7
1605190934.298376, 9
1605190934.315570, 9
1605190934.338172, 8
1605190934.355555, 5
1605190934.371519, 2
1605190934.396245, 3
1605190934.428305, 0
1605190934.476799, 6
1605190934.507630, 2
1605190934.530215, 2
1605190934.561934, 3
1605190934.579218, 1
1605190934.596106, 5
1605190934.611047, 4
1605190934.798430, 6
1605190934.815092, 6
1605190934.830830, 6
1605190934.850431, 2
1605190934.866741, 7
1605190934.883297, 8
1605190934.904641, 8
1605190934.925025, 8
1605190934.943428, 8
1605190934.958930, 9
1605190934.972615, 8
1605190934.987021, 8
1605190935.001706, 9
1605190935.020931, 9
1605190935.036336, 10
1605190935.054362, 9
1605190935.069777, 10
1605190935.086915, 9
1605190935.102363, 10
1605190935.116907, 4
1605190935.132975, 2
1605190935.151510, 2
1605190935.168477, 1
1605190935.184496, 2
1605190935.198415, 3
1605190935.214831, 3
1605190935.231360, 3
1605190935.245817, 3
1605190935.260390, 5
1605190935.277761, 5
1605190935.291718, 4
1605190935.305670, 6
1605190935.319949, 6
1605190935.337269, 6
1605190935.351352, 6
1605190935.365532, 6
1605190935.385960, 5
1605190935.401135, 7
1605190935.417754, 8
1605190935.432148, 7
1605190935.446342, 7
1605190935.461072, 8
1605190935.477208, 9
1605190935.493096, 7
1605190935.509305, 7
1605190935.527310, 9
1605190935.542156, 8
1605190935.558328, 9
1605190935.572543, 9
1605190935.589385, 9
1605190935.607346, 9
1605190935.622523, 8
1605190935.636705, 10
1605190935.651414, 9
1605190935.668923, 9
1605190935.683056, 3
1605190935.700170, 3
1605190935.714141, 2
1605190935.735109, 2
1605190935.752923, 3
1605190935.772162, 3
1605190935.795221, 4
1605190935.809908, 5
1605190935.824301, 3
1605190935.842148, 5
1605190935.856058, 6
1605190935.870954, 6
1605190935.888275, 6
1605190935.905052, 6
1605190935.919909, 6
1605190935.940213, 7
1605190935.966174, 5
1605190935.990822, 7
1605190936.007892, 8
1605190936.023416, 8
1605190936.042777, 8
1605190936.058097, 7
1605190936.072256, 9
1605190936.095530, 9
1605190936.115207, 10
1605190936.131071, 9
1605190936.146615, 9
1605190936.162950, 9
1605190936.177364, 10
1605190936.193303, 7
1605190936.224381, 8
1605190936.238996, 3
1605190936.256794, 4
1605190936.272254, 2
1605190936.293579, 3
1605190936.311474, 3
1605190936.338347, 3
1605190936.355502, 3
1605190936.380493, 1
1605190936.398569, 7
1605190936.415484, 5
1605190936.430288, 4
1605190936.445338, 6
1605190936.475428, 6
1605190936.495737, 5
1605190936.509939, 5
1605190936.523468, 7
1605190936.537629, 6
1605190936.551719, 7
1605190936.566726, 7
1605190936.581240, 8
1605190936.597398, 7
1605190936.617551, 9
1605190936.631800, 9
1605190936.646070, 8
1605190936.660212, 5
1605190936.675593, 8
1605190936.691241, 10
1605190936.705604, 7
1605190936.719997, 8
1605190936.735678, 8
1605190936.752336, 9
1605190936.766508, 9
1605190936.788460, 9
1605190936.812248, 8
1605190936.828686, 4
1605190936.845359, 2
1605190936.859716, 2
1605190936.875818, 3
1605190936.890321, 3
1605190936.919678, 3
1605190936.938371, 3
1605190936.953267, 3
1605190936.968107, 4
1605190936.982803, 4
1605190936.999517, 4
1605190937.015045, 5
1605190937.029513, 6
1605190937.056031, 5
1605190937.071015, 4
1605190937.089683, 5
1605190937.103919, 6
1605190937.118154, 6
1605190937.132361, 7
1605190937.146968, 7
1605190937.163247, 8
1605190937.194826, 9
1605190937.210600, 9
1605190937.318810, 7
1605190937.337967, 8
1605190937.420131, 3
1605190937.435422, 2
1605190937.452706, 2
1605190937.471750, 3
1605190937.492743, 4
1605190937.513892, 2
1605190937.529247, 4
1605190937.549889, 4
1605190937.567307, 4
1605190937.592210, 5
1605190937.607375, 3
1605190937.622691, 6
1605190937.658099, 6
1605190937.678332, 5
1605190937.699387, 4
1605190937.716364, 7
1605190937.734156, 7
1605190937.757735, 5
1605190937.772274, 7
1605190937.792731, 9
1605190937.822566, 9
1605190937.838130, 8
1605190937.855929, 9
1605190937.875951, 9
1605190937.893750, 8
1605190937.909389, 10
1605190937.934764, 9
1605190937.959455, 7
1605190937.982290, 8
1605190937.999020, 8
1605190938.017100, 1
1605190938.034480, 1
1605190938.055572, 5
1605190938.072714, 2
1605190938.087958, 4
1605190938.131902, 4
1605190938.157705, 3
1605190938.247877, 4
1605190938.268057, 4
1605190938.291519, 5
1605190938.312816, 5
1605190938.338616, 5
1605190938.385469, 8
1605190938.418804, 7
1605190938.435048, 8
1605190938.453330, 7
1605190938.467556, 7
1605190938.485604, 7
1605190938.500736, 8
1605190938.514983, 8
1605190938.532337, 9
1605190938.556715, 10
1605190938.580707, 9
1605190938.605102, 9
1605190938.633196, 6
1605190938.655211, 1
1605190938.671043, 3
1605190938.688696, 3
1605190938.709767, 2
1605190938.725081, 4
1605190938.747620, 3
1605190938.766882, 4
1605190938.781116, 4
1605190938.795882, 4
1605190938.811545, 4
1605190938.825747, 5
1605190938.840035, 6
1605190938.863064, 6
1605190938.893666, 5
1605190938.910332, 7
1605190938.925183, 5
1605190938.943272, 7
1605190938.958829, 8
1605190938.973002, 8
1605190938.989855, 8
1605190939.013663, 9
1605190939.028462, 8
1605190939.041762, 8
1605190939.056253, 9
1605190939.070837, 9
1605190939.089308, 9
1605190939.105804, 9
1605190939.121497, 10
1605190939.137209, 9
1605190939.152050, 8
1605190939.166816, 8
1605190939.180765, 8
1605190939.198339, 2
1605190939.213868, 2
1605190939.228477, 3
1605190939.241670, 4
1605190939.261155, 1
1605190939.277104, 3
1605190939.290208, 4
1605190939.314582, 3
1605190939.328962, 4
1605190939.342459, 5
1605190939.356585, 4
1605190939.370927, 5
1605190939.389576, 6
1605190939.405166, 5
1605190939.427556, 4
1605190939.440830, 5
1605190939.457636, 5
1605190939.472508, 7
1605190939.489743, 7
1605190939.515435, 9
1605190939.533882, 8
1605190939.551708, 7
1605190939.567001, 8
1605190939.581152, 9
1605190939.595460, 8
1605190939.614764, 9
1605190939.629916, 9
1605190939.643028, 9
1605190939.661788, 9
1605190939.681620, 8
1605190939.695503, 9
1605190939.710811, 9
1605190939.725739, 8
1605190939.739714, 10
1605190939.754299, 9
1605190939.768934, 10
1605190939.783756, 8
1605190939.799361, 3
1605190939.813575, 2
1605190939.827718, 2
1605190939.840908, 3
1605190939.859923, 3
1605190939.883681, 4
1605190939.906422, 3
1605190939.921772, 5
1605190939.936054, 5
1605190939.953814, 5
1605190939.975355, 6
1605190939.988851, 5
1605190940.003073, 6
1605190940.017390, 4
1605190940.031431, 7
1605190940.045430, 6
1605190940.058792, 7
1605190940.072895, 8
1605190940.091134, 7
1605190940.110083, 8
1605190940.124256, 8
1605190940.138868, 9
1605190940.153348, 8
1605190940.167792, 8
1605190940.189175, 9
1605190940.210761, 9
1605190940.227605, 8
1605190940.240611, 10
1605190940.257961, 9
1605190940.277226, 9
1605190940.298492, 9
1605190940.324477, 9
1605190940.339367, 9
1605190940.354160, 10
1605190940.369860, 4
1605190940.384074, 2
1605190940.397707, 2
1605190940.412142, 3
1605190940.426150, 3
1605190940.440100, 3
1605190940.454643, 4
1605190940.468735, 4
1605190940.483083, 3
1605190940.497458, 5
1605190940.512899, 5
1605190940.529868, 6
1605190940.546702, 4
1605190940.561679, 5
1605190940.582489, 7
1605190940.597220, 6
1605190940.613888, 6
1605190940.628190, 6
1605190940.641343, 7
1605190940.660400, 7
1605190940.675931, 8
1605190940.688942, 8
1605190940.703357, 8
1605190940.717184, 8
1605190940.740121, 7
1605190940.754577, 8
1605190940.777822, 9
1605190940.790932, 10
1605190940.804901, 9
1605190940.824340, 7
1605190940.839775, 8
1605190940.854064, 8
1605190940.871141, 6
1605190940.887952, 2
1605190940.903362, 2
1605190940.917996, 2
1605190940.932687, 1
1605190940.947708, 3
1605190940.965573, 4
1605190940.989726, 3
1605190941.011541, 3
1605190941.027653, 3
1605190941.041624, 4
1605190941.064493, 5
1605190941.084959, 6
1605190941.100415, 5
1605190941.114993, 5
1605190941.129733, 4
1605190941.145269, 7
1605190941.161523, 7
1605190941.179555, 7
1605190941.193923, 8
1605190941.209374, 7
1605190941.231539, 8
1605190941.246444, 9
1605190941.260649, 8
1605190941.276102, 7
1605190941.289459, 9
1605190941.311538, 9
1605190941.325909, 9
1605190941.346991, 10
1605190941.361365, 9
1605190941.379541, 9
1605190941.398372, 10
1605190941.412343, 9
1605190941.426392, 6
1605190941.442623, 2
1605190941.456871, 2
1605190941.471026, 2
1605190941.487943, 4
1605190941.504433, 3
1605190941.519001, 2
1605190941.535681, 4
1605190941.550297, 2
1605190941.565037, 4
1605190941.579094, 3
1605190941.593312, 4
1605190941.613457, 5
1605190941.632613, 5
1605190941.646895, 6
1605190941.662874, 6
1605190941.678312, 5
1605190941.692930, 6
1605190941.706734, 6
1605190941.721016, 5
1605190941.734847, 7
1605190941.750559, 8
1605190941.764803, 8
1605190941.778909, 8
1605190941.797368, 9
1605190941.811844, 8
1605190941.825635, 8
1605190941.839164, 8
1605190941.853464, 9
1605190941.875218, 9
1605190941.888982, 8
1605190941.906868, 10
1605190941.920614, 9
1605190941.936672, 9
1605190941.951436, 10
1605190941.965525, 9
1605190941.984273, 9
1605190942.005987, 10
1605190942.020137, 10
1605190942.035133, 5
1605190942.048346, 2
1605190942.062196, 2
1605190942.076505, 2
1605190942.090371, 2
1605190942.104320, 4
1605190942.120057, 4
1605190942.140716, 4
1605190942.175071, 5
1605190942.188527, 6
1605190942.202873, 5
1605190942.217097, 6
1605190942.231210, 6
1605190942.245952, 7
1605190942.262146, 6
1605190942.276630, 7
1605190942.289775, 7
1605190942.309099, 8
1605190942.333276, 6
1605190942.350560, 6
1605190942.365079, 8
1605190942.380626, 7
1605190942.395348, 9
1605190942.409462, 9
1605190942.423704, 8
1605190942.437272, 9
1605190942.455380, 10
1605190942.472641, 9
1605190942.487482, 9
1605190942.504211, 9
1605190942.525619, 10
1605190942.539160, 9
1605190942.553806, 8
1605190942.568629, 9
1605190942.582917, 9
1605190942.601234, 3
1605190942.615504, 2
1605190942.629385, 3
1605190942.646458, 2
1605190942.660773, 3
1605190942.674582, 3
1605190942.691067, 4
1605190942.705056, 4
1605190942.718970, 4
1605190942.736093, 4
1605190942.752624, 5
1605190942.766758, 5
1605190942.782020, 6
1605190942.796591, 6
1605190942.811088, 6
1605190942.825400, 6
1605190942.838524, 7
1605190942.853205, 7
1605190942.867326, 7
1605190942.881304, 7
1605190942.899013, 8
1605190942.913369, 6
1605190942.927318, 7
1605190942.942257, 7
1605190942.956553, 8
1605190942.970942, 8
1605190942.985801, 9
1605190943.000210, 9
1605190943.013962, 10
1605190943.028142, 8
1605190943.042071, 10
1605190943.059067, 10
1605190943.073263, 9
1605190943.086923, 9
1605190943.105068, 10
1605190943.127738, 9
1605190943.143484, 9
1605190943.157503, 3
1605190943.172063, 2
1605190943.186014, 3
1605190943.200209, 2
1605190943.215636, 2
1605190943.236938, 4
1605190943.253601, 3
1605190943.268597, 4
1605190943.283913, 5
1605190943.299090, 3
1605190943.312883, 5
1605190943.326913, 5
1605190943.340534, 6
1605190943.355298, 5
1605190943.372031, 6
1605190943.385968, 6
1605190943.400387, 6
1605190943.414686, 6
1605190943.429170, 6
1605190943.443646, 8
1605190943.458032, 8
1605190943.472428, 7
1605190943.486179, 8
1605190943.504786, 9
1605190943.525513, 7
1605190943.539573, 9
1605190943.554215, 9
1605190943.571412, 9
1605190943.585315, 9
1605190943.600671, 9
1605190943.622329, 10
1605190943.643326, 8
1605190943.657710, 9
1605190943.672238, 10
1605190943.689074, 9
1605190943.703061, 5
1605190943.722161, 2
1605190943.736041, 4
1605190943.758296, 2
1605190943.772944, 2
1605190943.786925, 2
1605190943.801647, 3
1605190943.815730, 4
1605190943.831013, 3
1605190943.850019, 3
1605190943.864842, 4
1605190943.887935, 5
1605190943.902194, 5
1605190943.924737, 5
1605190943.937953, 5
1605190943.952888, 7
1605190943.973031, 6
1605190943.995336, 7
1605190944.011486, 8
1605190944.025457, 7
1605190944.040978, 7
1605190944.059493, 9
1605190944.073148, 8
1605190944.086189, 7
1605190944.107440, 8
1605190944.121118, 9
1605190944.135046, 9
1605190944.149611, 8
1605190944.163572, 10
1605190944.180871, 10
1605190944.194982, 9
1605190944.209002, 10
1605190944.222758, 5
1605190944.236647, 10
1605190944.250815, 10
1605190944.264838, 9
1605190944.279216, 8
1605190944.294271, 2
1605190944.309110, 2
1605190944.324698, 2
1605190944.337811, 3
1605190944.357077, 3
1605190944.373682, 4
1605190944.391845, 5
1605190944.406019, 4
1605190944.421153, 4
1605190944.435966, 5
1605190944.450267, 6
1605190944.465211, 5
1605190944.479632, 5
1605190944.493840, 7
1605190944.508883, 4
1605190944.523062, 6
1605190944.536903, 7
1605190944.555089, 8
1605190944.569466, 7
1605190944.584510, 8
1605190944.601574, 7
1605190944.619395, 8
1605190944.634033, 8
1605190944.655519, 9
1605190944.669963, 9
1605190944.692002, 8
1605190944.706731, 10
1605190944.722718, 9
1605190944.736298, 10
1605190944.753626, 10
1605190944.769780, 10
1605190944.784161, 10
1605190944.798768, 8
1605190944.813132, 9
1605190944.827814, 10
1605190944.841276, 4
1605190944.857856, 2
1605190944.872660, 3
1605190944.886784, 3
1605190944.901328, 2
1605190944.914781, 4
1605190944.928870, 4
1605190944.945008, 5
1605190944.959330, 4
1605190944.972599, 5
1605190944.990313, 5
1605190945.010371, 5
1605190945.028592, 5
1605190945.042836, 6
1605190945.056270, 7
1605190945.071166, 7
1605190945.084747, 7
1605190945.098375, 7
1605190945.114940, 7
1605190945.131385, 6
1605190945.147367, 8
1605190945.160790, 8
1605190945.177964, 8
1605190945.191363, 7
1605190945.205007, 9
1605190945.218173, 8
1605190945.233120, 8
1605190945.255530, 8
1605190945.270300, 9
1605190945.285164, 9
1605190945.299420, 9
1605190945.313535, 8
1605190945.336304, 6
1605190945.351503, 9
1605190945.365770, 9
1605190945.381917, 10
1605190945.405743, 2
1605190945.419604, 2
1605190945.432968, 3
1605190945.447344, 3
1605190945.466967, 3
1605190945.482892, 4
1605190945.496408, 3
1605190945.510589, 3
1605190945.526053, 4
1605190945.540263, 4
1605190945.553769, 4
1605190945.567923, 5
1605190945.581880, 5
1605190945.599854, 4
1605190945.614010, 6
1605190945.628185, 4
1605190945.642528, 6
1605190945.656557, 7
1605190945.671712, 6
1605190945.685744, 6
1605190945.699296, 6
1605190945.713596, 8
1605190945.727333, 8
1605190945.740807, 6
1605190945.757463, 8
1605190945.771195, 8
1605190945.784873, 8
1605190945.802167, 8
1605190945.816062, 9
1605190945.829620, 9
1605190945.844019, 9
1605190945.864087, 6
1605190945.878394, 10
1605190945.895706, 10
1605190945.909781, 10
1605190945.923879, 9
1605190945.936981, 10
1605190945.952657, 10
1605190945.967204, 9
1605190945.980719, 9
1605190945.994973, 8
1605190946.010506, 2
1605190946.024835, 3
1605190946.038222, 2
1605190946.052